0.00 
0.00 0.00 0.00 0.00 0.00 0.00 0.00 0.00 0.00 0.00 0.00 0.00 0.00 0.00 0.00 0.00 0.00 0.00 0.00 0.00 
0.00 0.00 0.00 0.00 0.00 0.00 0.00 0.00 0.00 0.00 0.00 337273833.88 449698467.28 562123100.69 674547734.09 786972367.50 899397000.91 1011821634.31 1124246267.72 1236670901.12 
1349095534.53 1461520167.94 1573944801.34 1686369434.75 1798794068.16 1911218701.56 2023643334.97 2136067968.38 2248492601.78 2360917235.19 2473341868.59 2585766502.00 2698191135.41 2810615768.81 2923040402.22 3035465035.62 3147889669.03 3260314302.44 3372738935.84 3485163569.25 
3597588202.66 3710012836.06 3822437469.47 674547667.75 899396934.56 1124246201.38 1349095468.19 1573944735.00 1798794001.81 2023643268.62 2248492535.44 2473341802.25 2698191069.06 2923040335.88 3147889602.69 3372738869.50 3597588136.31 3822437403.12 4047286669.94 4272135936.75 
4496985203.56 4721834470.38 4946683737.19 5171533004.00 5396382270.81 5621231537.62 5846080804.44 6070930071.25 6295779338.06 6520628604.88 6745477871.69 6970327138.50 7195176405.31 7420025672.12 7644874938.94 1011821501.62 1349095401.84 1686369302.06 2023643202.28 2360917102.50 
2698191002.72 3035464902.94 3372738803.16 3710012703.38 4047286603.59 4384560503.81 4721834404.03 5059108304.25 5396382204.47 5733656104.69 6070930004.91 6408203905.12 6745477805.34 7082751705.56 7420025605.78 7757299506.00 8094573406.22 8431847306.44 8769121206.66 9106395106.88 
9443669007.09 9780942907.31 10118216807.53 10455490707.75 10792764607.97 11130038508.19 11467312408.41 1349095335.50 1798793869.12 2248492402.75 2698190936.38 3147889470.00 3597588003.62 4047286537.25 4496985070.88 4946683604.50 5396382138.12 5846080671.75 6295779205.38 6745477739.00 
7195176272.62 7644874806.25 8094573339.88 8544271873.50 8993970407.12 9443668940.75 9893367474.38 10343066008.00 10792764541.62 11242463075.25 11692161608.88 12141860142.50 12591558676.12 13041257209.75 13490955743.38 13940654277.00 14390352810.62 14840051344.25 15289749877.88 1686369169.38 
2248492336.41 2810615503.44 3372738670.47 3934861837.50 4496985004.53 5059108171.56 5621231338.59 6183354505.62 6745477672.66 7307600839.69 7869724006.72 8431847173.75 8993970340.78 9556093507.81 10118216674.84 10680339841.88 11242463008.91 11804586175.94 12366709342.97 12928832510.00 
13490955677.03 14053078844.06 14615202011.09 15177325178.12 15739448345.16 16301571512.19 16863694679.22 17425817846.25 17987941013.28 18550064180.31 19112187347.34 2023643003.25 2698190803.69 3372738604.12 4047286404.56 4721834205.00 5396382005.44 6070929805.88 6745477606.31 7420025406.75 
8094573207.19 8769121007.62 9443668808.06 10118216608.50 10792764408.94 11467312209.38 12141860009.81 12816407810.25 13490955610.69 14165503411.12 14840051211.56 15514599012.00 16189146812.44 16863694612.88 17538242413.31 18212790213.75 18887338014.19 19561885814.62 20236433615.06 20910981415.50 
21585529215.94 22260077016.38 22934624816.81 2360916837.12 3147889270.97 3934861704.81 4721834138.66 5508806572.50 6295779006.34 7082751440.19 7869723874.03 8656696307.88 9443668741.72 10230641175.56 11017613609.41 11804586043.25 12591558477.09 13378530910.94 14165503344.78 14952475778.62 
15739448212.47 16526420646.31 17313393080.16 18100365514.00 18887337947.84 19674310381.69 20461282815.53 21248255249.38 22035227683.22 22822200117.06 23609172550.91 24396144984.75 25183117418.59 25970089852.44 26757062286.28 2698190671.00 3597587738.25 4496984805.50 5396381872.75 6295778940.00 
7195176007.25 8094573074.50 8993970141.75 9893367209.00 10792764276.25 11692161343.50 12591558410.75 13490955478.00 14390352545.25 15289749612.50 16189146679.75 17088543747.00 17987940814.25 18887337881.50 19786734948.75 20686132016.00 21585529083.25 22484926150.50 23384323217.75 24283720285.00 
25183117352.25 26082514419.50 26981911486.75 27881308554.00 28780705621.25 29680102688.50 30579499755.75 3035464504.88 4047286205.53 5059107906.19 6070929606.84 7082751307.50 8094573008.16 9106394708.81 10118216409.47 11130038110.12 12141859810.78 13153681511.44 14165503212.09 15177324912.75 
16189146613.41 17200968314.06 18212790014.72 19224611715.38 20236433416.03 21248255116.69 22260076817.34 23271898518.00 24283720218.66 25295541919.31 26307363619.97 27319185320.62 28331007021.28 29342828721.94 30354650422.59 31366472123.25 32378293823.91 33390115524.56 34401937225.22 3372738338.75 
4496984672.81 5621231006.88 6745477340.94 7869723675.00 8993970009.06 10118216343.12 11242462677.19 12366709011.25 13490955345.31 14615201679.38 15739448013.44 16863694347.50 17987940681.56 19112187015.62 20236433349.69 21360679683.75 22484926017.81 23609172351.88 24733418685.94 25857665020.00 
26981911354.06 28106157688.12 29230404022.19 30354650356.25 31478896690.31 32603143024.38 33727389358.44 34851635692.50 35975882026.56 37100128360.62 38224374694.69 3710012172.62 4946683140.09 6183354107.56 7420025075.03 8656696042.50 9893367009.97 11130037977.44 12366708944.91 13603379912.38 
14840050879.84 16076721847.31 17313392814.78 18550063782.25 19786734749.72 21023405717.19 22260076684.66 23496747652.12 24733418619.59 25970089587.06 27206760554.53 28443431522.00 29680102489.47 30916773456.94 32153444424.41 33390115391.88 34626786359.34 35863457326.81 37100128294.28 38336799261.75 
39573470229.22 40810141196.69 42046812164.16 4047286006.50 5396381607.38 6745477208.25 8094572809.12 9443668410.00 10792764010.88 12141859611.75 13490955212.62 14840050813.50 16189146414.38 17538242015.25 18887337616.12 20236433217.00 21585528817.88 22934624418.75 24283720019.62 25632815620.50 
26981911221.38 28331006822.25 29680102423.12 31029198024.00 32378293624.88 33727389225.75 35076484826.62 36425580427.50 37774676028.38 39123771629.25 40472867230.12 41821962831.00 43171058431.88 44520154032.75 45869249633.62 4384559840.38 5846080074.66 7307600308.94 8769120543.22 10230640777.50 
11692161011.78 13153681246.06 14615201480.34 16076721714.62 17538241948.91 18999762183.19 20461282417.47 21922802651.75 23384322886.03 24845843120.31 26307363354.59 27768883588.88 29230403823.16 30691924057.44 32153444291.72 33614964526.00 35076484760.28 36538004994.56 37999525228.84 39461045463.12 
40922565697.41 42384085931.69 43845606165.97 45307126400.25 46768646634.53 48230166868.81 49691687103.09 4721833674.25 6295778541.94 7869723409.62 9443668277.31 11017613145.00 12591558012.69 14165502880.38 15739447748.06 17313392615.75 18887337483.44 20461282351.12 22035227218.81 23609172086.50 
25183116954.19 26757061821.88 28331006689.56 29904951557.25 31478896424.94 33052841292.62 34626786160.31 36200731028.00 37774675895.69 39348620763.38 40922565631.06 42496510498.75 44070455366.44 45644400234.12 47218345101.81 48792289969.50 50366234837.19 51940179704.88 53514124572.56 5059107508.12 
6745477009.22 8431846510.31 10118216011.41 11804585512.50 13490955013.59 15177324514.69 16863694015.78 18550063516.88 20236433017.97 21922802519.06 23609172020.16 25295541521.25 26981911022.34 28668280523.44 30354650024.53 32041019525.62 33727389026.72 35413758527.81 37100128028.91 38786497530.00 
40472867031.09 42159236532.19 43845606033.28 45531975534.38 47218345035.47 48904714536.56 50591084037.66 52277453538.75 53963823039.84 55650192540.94 57336562042.03 5396381342.00 7195175476.50 8993969611.00 10792763745.50 12591557880.00 14390352014.50 16189146149.00 17987940283.50 19786734418.00 
21585528552.50 23384322687.00 25183116821.50 26981910956.00 28780705090.50 30579499225.00 32378293359.50 34177087494.00 35975881628.50 37774675763.00 39573469897.50 41372264032.00 43171058166.50 44969852301.00 46768646435.50 48567440570.00 50366234704.50 52165028839.00 53963822973.50 55762617108.00 
57561411242.50 59360205377.00 61158999511.50 5733655175.88 7644873943.78 9556092711.69 11467311479.59 13378530247.50 15289749015.41 17200967783.31 19112186551.22 21023405319.12 22934624087.03 24845842854.94 26757061622.84 28668280390.75 30579499158.66 32490717926.56 34401936694.47 36313155462.38 
38224374230.28 40135592998.19 42046811766.09 43958030534.00 45869249301.91 47780468069.81 49691686837.72 51602905605.62 53514124373.53 55425343141.44 57336561909.34 59247780677.25 61158999445.16 63070218213.06 64981436980.97 6070929009.75 8094572411.06 10118215812.38 12141859213.69 14165502615.00 
16189146016.31 18212789417.62 20236432818.94 22260076220.25 24283719621.56 26307363022.88 28331006424.19 30354649825.50 32378293226.81 34401936628.12 36425580029.44 38449223430.75 40472866832.06 42496510233.38 44520153634.69 46543797036.00 48567440437.31 50591083838.62 52614727239.94 54638370641.25 
56662014042.56 58685657443.88 60709300845.19 62732944246.50 64756587647.81 66780231049.12 68803874450.44 6408202843.62 8544270878.34 10680338913.06 12816406947.78 14952474982.50 17088543017.22 19224611051.94 21360679086.66 23496747121.38 25632815156.09 27768883190.81 29904951225.53 32041019260.25 
34177087294.97 36313155329.69 38449223364.41 40585291399.12 42721359433.84 44857427468.56 46993495503.28 49129563538.00 51265631572.72 53401699607.44 55537767642.16 57673835676.88 59809903711.59 61945971746.31 64082039781.03 66218107815.75 68354175850.47 70490243885.19 72626311919.91 6745476677.50 
8993969345.62 11242462013.75 13490954681.88 15739447350.00 17987940018.12 20236432686.25 22484925354.38 24733418022.50 26981910690.62 29230403358.75 31478896026.88 33727388695.00 35975881363.12 38224374031.25 40472866699.38 42721359367.50 44969852035.62 47218344703.75 49466837371.88 51715330040.00 
53963822708.12 56212315376.25 58460808044.38 60709300712.50 62957793380.62 65206286048.75 67454778716.88 69703271385.00 71951764053.12 74200256721.25 76448749389.38 7082750511.38 9443667812.91 11804585114.44 14165502415.97 16526419717.50 18887337019.03 21248254320.56 23609171622.09 25970088923.62 
28331006225.16 30691923526.69 33052840828.22 35413758129.75 37774675431.28 40135592732.81 42496510034.34 44857427335.88 47218344637.41 49579261938.94 51940179240.47 54301096542.00 56662013843.53 59022931145.06 61383848446.59 63744765748.12 66105683049.66 68466600351.19 70827517652.72 73188434954.25 
75549352255.78 77910269557.31 80271186858.84 7420024345.25 9893366280.19 12366708215.12 14840050150.06 17313392085.00 19786734019.94 22260075954.88 24733417889.81 27206759824.75 29680101759.69 32153443694.62 34626785629.56 37100127564.50 39573469499.44 42046811434.38 44520153369.31 46993495304.25 
49466837239.19 51940179174.12 54413521109.06 56886863044.00 59360204978.94 61833546913.88 64306888848.81 66780230783.75 69253572718.69 71726914653.62 74200256588.56 76673598523.50 79146940458.44 81620282393.38 84093624328.31 7757298179.12 10343064747.47 12928831315.81 15514597884.16 18100364452.50 
20686131020.84 23271897589.19 25857664157.53 28443430725.88 31029197294.22 33614963862.56 36200730430.91 38786496999.25 41372263567.59 43958030135.94 46543796704.28 49129563272.62 51715329840.97 54301096409.31 56886862977.66 59472629546.00 62058396114.34 64644162682.69 67229929251.03 69815695819.38 
72401462387.72 74987228956.06 77572995524.41 80158762092.75 82744528661.09 85330295229.44 87916061797.78 8094572013.00 10792763214.75 13490954416.50 16189145618.25 18887336820.00 21585528021.75 24283719223.50 26981910425.25 29680101627.00 32378292828.75 35076484030.50 37774675232.25 40472866434.00 
43171057635.75 45869248837.50 48567440039.25 51265631241.00 53963822442.75 56662013644.50 59360204846.25 62058396048.00 64756587249.75 67454778451.50 70152969653.25 72851160855.00 75549352056.75 78247543258.50 80945734460.25 83643925662.00 86342116863.75 89040308065.50 91738499267.25 8431845846.88 
11242461682.03 14053077517.19 16863693352.34 19674309187.50 22484925022.66 25295540857.81 28106156692.97 30916772528.12 33727388363.28 36538004198.44 39348620033.59 42159235868.75 44969851703.91 47780467539.06 50591083374.22 53401699209.38 56212315044.53 59022930879.69 61833546714.84 64644162550.00 
67454778385.16 70265394220.31 73076010055.47 75886625890.62 78697241725.78 81507857560.94 84318473396.09 87129089231.25 89939705066.41 92750320901.56 95560936736.72 8769119680.75 11692160149.31 14615200617.88 17538241086.44 20461281555.00 23384322023.56 26307362492.12 29230402960.69 32153443429.25 
35076483897.81 37999524366.38 40922564834.94 43845605303.50 46768645772.06 49691686240.62 52614726709.19 55537767177.75 58460807646.31 61383848114.88 64306888583.44 67229929052.00 70152969520.56 73076009989.12 75999050457.69 78922090926.25 81845131394.81 84768171863.38 87691212331.94 90614252800.50 
93537293269.06 96460333737.62 99383374206.19 9106393514.62 12141858616.59 15177323718.56 18212788820.53 21248253922.50 24283719024.47 27319184126.44 30354649228.41 33390114330.38 36425579432.34 39461044534.31 42496509636.28 45531974738.25 48567439840.22 51602904942.19 54638370044.16 57673835146.12 
60709300248.09 63744765350.06 66780230452.03 69815695554.00 72851160655.97 75886625757.94 78922090859.91 81957555961.88 84993021063.84 88028486165.81 91063951267.78 94099416369.75 97134881471.72 100170346573.69 103205811675.66 9443667348.50 12591557083.88 15739446819.25 18887336554.62 22035226290.00 
25183116025.38 28331005760.75 31478895496.12 34626785231.50 37774674966.88 40922564702.25 44070454437.62 47218344173.00 50366233908.38 53514123643.75 56662013379.12 59809903114.50 62957792849.88 66105682585.25 69253572320.62 72401462056.00 75549351791.38 78697241526.75 81845131262.12 84993020997.50 
88140910732.88 91288800468.25 94436690203.62 97584579939.00 100732469674.38 103880359409.75 107028249145.12 9780941182.38 13041255551.16 16301569919.94 19561884288.72 22822198657.50 26082513026.28 29342827395.06 32603141763.84 35863456132.62 39123770501.41 42384084870.19 45644399238.97 48904713607.75 
52165027976.53 55425342345.31 58685656714.09 61945971082.88 65206285451.66 68466599820.44 71726914189.22 74987228558.00 78247542926.78 81507857295.56 84768171664.34 88028486033.12 91288800401.91 94549114770.69 97809429139.47 101069743508.25 104330057877.03 107590372245.81 110850686614.59 10118215016.25 
13490954018.44 16863693020.62 20236432022.81 23609171025.00 26981910027.19 30354649029.38 33727388031.56 37100127033.75 40472866035.94 43845605038.12 47218344040.31 50591083042.50 53963822044.69 57336561046.88 60709300049.06 64082039051.25 67454778053.44 70827517055.62 74200256057.81 77572995060.00 
80945734062.19 84318473064.38 87691212066.56 91063951068.75 94436690070.94 97809429073.12 101182168075.31 104554907077.50 107927646079.69 111300385081.88 114673124084.06 10455488850.12 13940652485.72 17425816121.31 20910979756.91 24396143392.50 27881307028.09 31366470663.69 34851634299.28 38336797934.88 
41821961570.47 45307125206.06 48792288841.66 52277452477.25 55762616112.84 59247779748.44 62732943384.03 66218107019.62 69703270655.22 73188434290.81 76673597926.41 80158761562.00 83643925197.59 87129088833.19 90614252468.78 94099416104.38 97584579739.97 101069743375.56 104554907011.16 108040070646.75 
111525234282.34 115010397917.94 118495561553.53 
