60
32 32 54 12 52 56 8 30 44 94 44 39 65 19 51 91 1 5 89 34 25 58 20 51 38 65 30 7 20 10 51 18 43 71 97 61 26 5 57 70 65 0 75 29 86 93 87 87 64 75 88 89 100 7 40 37 38 36 44 24 46 95 43 89 32 5 15 58 77 72 95 8 38 69 37 24 27 90 77 92 31 30 80 30 37 86 33 76 21 77 100 68 37 8 22 69 81 38 94 57 
76 54 65 14 89 69 4 16 24 47 7 21 78 53 17 81 39 50 22 60 93 89 94 30 97 16 65 43 20 24 67 62 78 98 42 67 32 46 49 57 60 56 44 37 75 62 17 13 11 40 40 4 95 100 0 57 82 31 0 1 56 67 30 100 64 72 66 63 18 81 19 44 2 63 81 78 91 64 91 2 70 97 73 64 97 39 21 78 70 21 46 25 54 76 92 84 47 57 46 31 
38 31 75 40 61 21 84 51 86 41 19 21 37 58 86 100 97 73 44 67 60 90 58 13 31 49 63 44 73 76 76 77 73 16 83 100 4 67 51 56 7 36 77 10 95 28 10 57 0 54 23 60 9 48 39 40 97 69 84 35 44 25 11 83 8 61 83 12 27 100 34 0 35 10 10 96 39 87 53 5 40 42 66 15 90 71 55 87 39 5 88 49 97 100 32 4 60 81 83 53 
80 16 53 14 94 29 77 99 16 29 3 22 71 35 4 61 6 25 13 11 30 0 27 94 66 25 64 92 5 47 44 85 29 63 65 89 59 41 87 41 36 57 29 7 92 33 34 64 59 47 76 55 13 2 48 46 27 12 37 99 25 48 83 20 77 13 9 35 55 62 76 57 18 72 64 10 4 64 74 63 77 15 18 91 84 32 36 77 10 39 75 35 87 23 22 30 37 31 65 58 
59 7 14 78 79 45 54 83 8 94 12 86 9 97 42 93 95 44 70 5 83 10 40 36 34 62 66 71 59 97 95 18 3 8 62 48 19 15 98 28 8 9 80 84 72 21 43 66 65 79 71 13 89 78 49 22 5 14 59 65 11 53 49 81 28 77 29 47 92 26 41 66 1 20 50 73 7 59 4 72 37 76 86 25 19 0 14 24 15 73 55 93 93 3 73 87 80 68 100 37 
94 41 3 61 27 19 33 35 78 38 73 14 80 58 5 99 59 19 22 40 59 78 32 17 47 71 3 94 39 2 97 99 9 66 60 37 85 59 38 28 63 10 8 8 35 81 6 60 100 96 66 24 39 64 41 52 34 10 11 39 80 8 4 89 74 64 92 25 89 29 19 18 6 28 26 7 8 33 67 74 95 32 99 33 96 5 51 96 83 63 35 62 71 39 16 10 69 8 35 23 
3 55 41 76 49 68 83 23 67 15 97 61 13 61 60 75 33 77 71 15 39 72 43 76 77 59 53 11 33 88 34 37 8 76 79 23 9 62 46 76 43 9 2 57 70 28 31 69 4 68 84 10 39 26 52 82 52 4 93 85 59 94 21 33 35 67 57 44 28 69 86 37 78 54 94 14 48 25 83 18 59 33 28 99 25 81 46 77 51 39 62 9 32 49 43 33 15 100 77 9 
68 28 47 12 82 6 26 96 98 75 13 57 7 8 55 33 55 0 76 5 5 3 15 3 53 58 36 34 23 79 10 57 6 23 69 54 29 61 49 27 36 63 84 9 71 4 8 25 71 85 97 77 88 11 46 6 35 83 7 24 27 17 82 34 40 16 88 69 44 3 62 46 32 45 55 2 49 64 94 87 14 90 63 68 68 75 75 2 23 82 27 51 65 75 85 71 57 38 39 0 
7 1 46 39 12 68 41 28 31 0 14 45 91 43 12 58 17 53 26 41 0 19 92 31 60 42 1 17 46 41 84 54 8 97 93 20 64 0 14 61 0 28 72 57 71 50 81 89 70 7 96 70 26 87 1 87 95 69 70 40 9 19 94 84 15 87 71 45 87 85 5 53 13 43 10 50 94 91 38 63 98 33 99 91 86 66 43 80 35 79 20 10 98 80 61 13 66 31 24 18 
82 97 72 61 39 48 11 99 38 49 27 2 49 26 59 0 58 1 81 59 80 67 70 77 46 97 56 79 27 81 63 75 77 0 36 82 48 47 81 53 62 7 55 77 100 13 78 24 81 24 83 26 91 18 2 2 14 25 47 7 72 10 83 14 10 18 96 25 65 42 78 93 16 32 70 15 11 47 5 58 71 89 84 27 73 86 96 88 77 43 95 48 19 43 62 96 61 24 20 92 
66 98 85 82 96 20 64 73 67 69 30 3 23 13 97 97 66 58 50 42 0 44 57 86 54 85 82 14 8 1 73 41 66 23 22 61 43 86 0 9 21 30 79 44 44 75 40 76 99 56 17 100 67 40 51 20 25 32 0 100 0 73 40 66 96 29 93 38 81 93 13 1 90 92 46 100 32 52 75 31 8 58 97 75 99 13 61 90 46 61 89 12 34 96 78 96 24 36 34 4 
48 14 79 95 6 70 76 4 98 98 87 39 14 81 1 99 7 33 81 1 92 96 16 15 3 15 54 30 57 12 55 5 93 0 100 99 70 42 69 67 39 21 5 53 2 6 51 76 40 99 78 98 60 60 79 63 75 99 59 98 10 80 2 2 80 69 67 49 10 2 16 49 23 88 68 92 95 86 68 0 84 11 64 43 71 42 72 45 40 97 42 17 76 11 86 56 80 19 4 90 
88 87 4 77 75 72 69 35 23 2 35 6 80 99 15 50 6 53 61 46 49 69 29 25 80 15 47 25 34 51 14 21 38 85 98 79 57 32 13 46 0 48 53 80 12 34 29 18 54 56 30 2 25 60 94 4 41 40 30 75 58 10 62 62 96 59 40 18 58 53 64 24 67 83 4 79 17 100 63 37 56 93 39 81 18 100 51 59 5 81 100 63 58 61 24 53 87 64 37 10 
83 67 34 49 50 38 27 33 4 56 70 60 15 75 6 33 40 57 59 46 4 24 75 62 86 100 81 38 29 17 48 79 84 48 27 100 87 21 32 57 77 68 16 92 9 22 92 49 79 16 95 83 40 70 10 25 35 91 29 30 74 43 8 24 92 2 23 44 23 22 0 66 56 16 58 65 4 15 14 49 31 75 32 71 10 8 63 45 100 92 42 73 1 50 97 93 18 87 36 41 
75 36 7 30 18 31 96 22 12 76 71 43 50 69 80 61 78 42 72 43 0 13 15 68 30 79 60 48 31 62 56 5 98 29 1 82 26 97 3 38 72 40 81 89 76 26 15 53 35 87 96 1 67 77 69 97 21 28 10 18 90 32 23 53 61 25 34 87 88 3 91 26 9 37 81 85 64 96 3 99 82 65 100 48 42 68 10 29 62 88 48 17 19 37 70 47 28 70 100 16 
73 91 8 82 94 89 33 57 84 36 21 31 1 87 46 9 20 56 4 82 9 52 99 96 56 34 8 84 3 7 66 42 64 74 24 58 28 23 81 11 59 2 9 26 55 55 1 76 77 6 23 87 24 89 82 80 22 90 30 93 63 96 34 27 36 24 51 30 47 98 8 73 100 17 99 21 72 0 97 48 73 86 34 97 74 82 43 63 37 73 55 0 34 55 94 36 80 10 67 93 
7 75 65 74 92 64 95 63 30 57 77 2 42 11 65 16 59 7 45 97 46 66 63 81 20 56 83 66 32 49 59 39 90 23 12 81 53 73 9 49 29 87 17 72 64 83 54 89 90 65 85 36 30 13 83 16 35 65 83 67 14 7 73 70 97 85 51 16 24 26 65 53 79 83 91 8 65 10 98 20 41 48 22 71 62 4 54 63 36 36 30 16 9 2 86 5 53 36 88 77 
29 53 97 74 1 53 83 32 30 46 52 71 94 41 42 21 45 62 85 81 98 81 97 73 83 83 44 1 85 32 45 80 85 41 54 52 60 2 84 90 48 1 61 7 42 69 96 54 30 46 0 94 26 64 32 75 46 76 42 97 7 87 43 58 94 97 9 54 99 59 43 12 61 70 19 69 4 14 22 0 26 23 60 52 53 92 93 65 68 35 61 75 88 70 33 82 66 8 35 30 
68 44 8 95 81 28 63 85 8 52 86 35 41 11 53 94 3 12 58 71 13 85 11 0 55 44 82 87 19 83 84 87 27 92 81 7 86 9 58 61 27 9 62 68 21 81 61 24 93 85 61 72 70 72 73 91 16 20 77 35 3 26 88 97 18 34 3 70 9 27 30 37 37 92 4 24 73 32 48 31 83 8 3 52 80 42 8 62 62 52 63 65 78 16 27 62 50 30 32 26 
24 62 63 27 20 67 51 59 65 65 90 48 73 93 66 18 0 75 47 63 26 76 94 3 59 21 66 75 17 64 0 41 25 63 68 11 97 85 70 61 49 60 8 88 18 41 6 19 15 19 48 41 61 41 10 19 62 42 95 46 5 95 53 98 58 21 8 20 5 79 81 21 4 56 8 89 97 81 74 11 100 21 18 61 29 95 46 57 37 40 2 42 1 56 5 59 43 14 79 14 
59 25 35 29 81 44 84 43 24 58 20 91 45 38 17 74 100 63 31 36 3 33 44 71 55 50 96 98 30 40 12 55 65 13 50 12 57 33 55 48 91 42 38 36 46 55 76 45 17 6 81 87 6 25 57 61 41 52 25 37 92 3 92 23 16 7 35 74 40 56 21 98 98 59 100 44 80 75 89 97 82 36 50 54 27 6 14 68 25 5 4 83 8 62 5 25 69 40 65 75 
63 52 72 60 10 71 70 56 12 59 52 94 95 68 13 21 41 94 55 66 100 25 48 7 53 54 99 88 60 63 62 22 14 34 49 91 71 18 46 83 77 65 42 37 32 55 24 39 15 45 4 14 36 19 21 89 39 87 76 99 49 4 88 64 4 36 54 75 20 67 24 64 31 32 0 29 54 92 69 69 36 39 83 39 58 70 27 63 56 70 28 5 74 15 35 78 17 55 18 37 
88 8 0 85 41 68 14 95 59 49 63 61 54 11 66 79 81 94 41 3 29 69 75 69 50 9 46 33 30 30 71 18 39 37 2 80 4 83 40 29 98 2 57 52 13 22 30 60 82 71 29 10 6 3 79 22 79 91 56 76 21 26 94 26 63 62 72 34 45 11 29 42 13 86 94 93 75 90 18 56 27 48 33 33 17 78 55 63 69 10 38 56 2 31 48 32 93 19 32 3 
30 61 46 43 13 5 1 88 96 86 9 89 100 42 21 17 20 42 80 55 19 17 10 88 14 58 19 6 77 17 77 73 79 22 15 58 94 83 45 55 68 20 43 68 63 30 51 49 39 97 3 58 13 80 45 27 3 31 100 80 48 76 52 93 64 33 50 24 82 61 45 15 82 89 49 10 85 100 59 23 96 28 81 75 7 93 68 10 90 34 56 3 76 74 97 6 73 12 30 20 
40 75 35 88 29 85 64 14 50 22 37 12 16 85 87 23 77 21 100 66 55 21 35 30 95 31 2 33 10 32 53 16 74 54 70 69 38 33 83 55 55 87 67 71 71 19 60 13 40 25 45 61 46 80 58 6 78 60 39 88 93 58 70 32 11 39 0 16 72 50 71 93 36 37 29 6 56 55 19 63 80 64 23 25 43 81 98 87 41 2 40 100 60 9 31 37 14 98 53 86 
47 90 44 83 26 73 55 49 27 40 11 73 70 0 64 13 82 61 66 89 29 6 88 89 15 85 93 30 82 11 82 96 1 26 78 27 65 100 42 93 39 53 31 9 54 96 89 1 22 54 90 52 60 43 6 42 27 99 72 75 10 19 70 11 45 14 4 10 13 47 69 52 66 100 27 86 61 15 53 84 36 42 35 96 85 41 37 78 40 75 53 16 95 22 94 5 36 98 15 15 
80 63 13 11 92 48 44 88 55 99 9 4 48 1 20 2 10 61 1 44 86 73 74 83 23 11 62 50 93 26 22 38 90 1 15 47 49 59 34 71 23 44 75 38 11 61 40 22 21 41 32 7 13 6 56 36 84 17 52 76 44 74 80 100 42 96 46 91 20 81 27 10 91 2 48 1 29 88 90 51 95 22 58 7 95 13 9 78 31 61 19 41 1 65 40 43 26 86 100 47 
32 94 23 22 62 71 91 91 58 80 41 18 68 65 25 62 79 0 5 76 27 24 83 28 56 22 37 82 74 3 95 6 97 17 95 24 54 85 14 78 31 56 96 99 20 87 27 65 87 32 6 14 23 89 8 45 77 12 26 51 82 88 23 44 71 17 68 25 69 82 2 100 3 99 64 91 85 91 21 38 90 28 52 79 83 26 23 60 38 49 10 86 2 33 29 74 16 97 65 51 
45 67 16 48 31 81 4 16 37 26 20 93 20 38 71 2 64 94 62 69 9 72 54 11 71 84 51 54 80 15 4 24 83 88 39 80 68 43 62 71 35 82 64 55 19 0 58 84 95 19 18 3 58 72 81 95 55 32 14 1 47 19 92 96 6 30 76 40 40 37 77 75 19 6 30 38 7 54 88 68 73 5 71 97 78 51 58 99 49 72 66 97 57 58 58 63 54 33 69 60 
37 12 1 56 18 31 60 92 51 14 59 90 19 29 87 63 47 10 28 96 82 94 58 39 17 16 68 38 15 3 64 52 15 65 74 100 62 0 92 12 14 50 2 33 46 55 63 59 65 91 20 46 50 79 51 34 61 19 72 76 89 35 95 3 67 68 69 28 68 60 41 82 77 43 82 22 98 44 47 28 0 67 74 50 11 92 84 72 77 21 14 65 23 8 34 90 42 2 84 10 
63 24 58 5 33 5 94 97 15 40 24 15 6 65 32 18 56 82 56 32 70 70 97 93 78 30 48 87 99 31 97 27 22 20 32 55 93 25 52 7 31 42 90 4 6 88 89 62 35 44 60 4 81 56 63 24 52 10 10 17 8 73 44 30 94 77 51 86 68 69 59 66 11 48 70 84 1 58 12 37 68 72 41 48 95 71 73 12 47 83 29 55 56 74 51 15 16 2 67 50 
71 92 15 82 6 51 66 7 75 44 44 43 15 52 57 9 22 96 89 35 79 17 91 0 57 7 82 73 9 14 90 81 5 4 28 11 22 60 19 97 3 29 5 86 81 63 61 69 58 49 71 2 67 27 69 90 34 50 29 44 64 18 91 36 89 85 47 10 45 32 7 14 62 12 100 8 41 61 44 100 9 14 68 42 41 37 99 75 87 27 85 17 45 75 53 33 26 66 10 71 
99 84 85 60 62 51 68 3 11 11 69 87 92 36 96 32 39 94 74 93 87 58 9 31 100 28 30 25 94 6 62 92 90 12 17 52 29 86 55 40 63 90 94 21 92 55 53 31 14 93 23 0 17 99 98 16 26 27 7 86 34 35 78 90 13 95 41 43 46 62 49 76 51 42 97 9 63 15 40 77 8 63 43 25 61 40 7 53 68 81 38 68 82 82 57 95 43 65 37 55 
55 15 15 53 30 28 99 8 71 88 75 59 77 88 4 44 93 29 66 51 17 85 10 96 17 54 100 8 77 73 2 31 89 17 50 85 46 48 93 83 35 67 7 11 54 78 21 13 7 88 64 91 38 74 87 56 94 86 64 70 25 32 67 80 50 16 64 62 30 56 10 32 89 17 9 8 95 31 21 68 18 85 59 22 24 11 78 84 97 42 19 88 40 86 67 90 68 30 17 99 
52 27 30 40 44 5 49 5 36 70 73 20 21 31 43 11 42 20 96 5 28 14 93 69 67 26 24 34 56 8 99 75 35 95 14 46 0 29 51 36 66 23 57 87 21 100 98 29 86 59 0 81 74 60 15 40 86 39 40 7 47 5 82 49 100 63 95 66 92 11 2 57 0 25 9 21 91 74 17 76 32 17 22 72 43 37 78 28 77 18 36 90 90 84 38 89 46 99 21 4 
9 90 27 10 14 3 98 4 77 14 46 75 99 35 47 41 72 24 70 48 8 72 4 98 55 42 53 68 7 74 72 16 63 99 26 43 1 24 13 44 4 25 19 2 60 32 10 32 22 80 46 98 17 50 95 38 59 13 5 66 87 77 48 15 42 41 58 9 31 71 54 35 97 39 4 56 37 14 88 59 60 0 56 77 50 17 81 75 30 87 6 84 29 55 99 37 96 57 47 26 
94 67 27 56 5 98 12 8 11 66 67 37 66 90 80 83 6 61 23 2 47 30 86 42 51 51 80 46 74 26 38 67 59 31 23 64 29 1 38 6 33 4 44 100 60 90 48 32 50 71 1 63 67 87 5 17 3 51 29 77 77 33 10 35 65 100 65 60 0 2 32 33 73 42 99 100 32 12 31 48 84 99 11 50 86 83 34 55 33 63 32 76 97 8 77 27 7 7 53 74 
76 85 73 14 27 72 13 59 50 11 73 33 9 84 50 61 32 84 16 31 12 14 6 8 89 49 1 96 56 54 35 31 39 7 46 32 45 59 57 96 36 29 95 46 80 10 73 11 94 89 9 73 69 15 47 57 31 49 18 87 69 53 18 74 27 30 5 38 55 28 33 92 58 95 3 37 4 76 14 65 31 23 37 66 5 50 23 36 99 41 22 68 61 6 7 88 2 13 92 58 
41 92 15 65 86 18 1 56 60 83 87 57 5 90 23 10 40 12 12 38 19 35 72 80 7 80 33 10 59 25 34 66 16 49 31 68 33 99 23 59 47 10 16 53 100 5 29 39 17 42 44 2 43 82 49 16 27 82 93 86 73 26 18 55 75 49 89 7 13 79 33 61 55 15 80 20 20 75 60 3 83 70 5 92 17 54 8 45 2 0 30 41 27 14 63 68 29 51 42 43 
96 75 70 50 90 49 71 9 90 97 79 73 66 50 64 83 4 72 27 73 39 24 80 32 4 42 100 34 60 41 43 55 82 12 5 71 27 42 46 16 38 24 89 3 41 19 52 11 57 46 84 96 36 29 27 40 72 94 40 98 0 83 18 83 95 90 53 88 31 66 71 69 56 59 38 97 44 57 7 1 2 57 97 4 87 91 10 24 84 51 21 84 33 39 66 95 96 86 82 26 
51 52 96 73 78 33 70 21 90 77 89 58 0 86 28 87 42 39 10 25 56 98 75 89 2 7 49 98 59 98 24 76 15 86 48 59 18 17 81 75 61 69 99 61 20 27 13 62 32 90 53 88 87 95 42 89 1 58 53 60 55 43 1 70 28 49 29 12 33 76 53 60 10 52 87 98 45 100 25 43 89 79 97 41 73 4 96 40 62 48 66 16 91 67 53 85 82 48 98 14 
90 50 74 66 68 26 63 12 25 89 55 80 33 17 20 72 22 83 11 84 30 77 67 88 9 86 72 91 33 35 72 89 86 11 54 53 38 17 32 29 72 53 76 71 71 62 42 93 44 19 76 41 62 42 28 71 27 66 27 26 1 99 14 87 10 35 5 14 52 37 43 90 91 18 60 27 81 68 19 24 87 95 31 48 3 59 18 97 92 11 90 93 10 70 45 20 4 16 34 22 
54 43 11 10 62 37 37 8 4 22 99 57 83 30 4 86 55 89 49 46 0 38 38 77 74 49 97 79 66 97 0 86 5 79 62 33 15 65 41 87 87 6 9 35 2 14 21 57 69 36 3 35 40 7 11 13 23 74 92 55 36 93 40 42 37 68 75 18 32 83 71 85 89 81 19 91 61 6 13 29 8 16 65 48 91 76 62 80 16 19 34 52 78 74 94 14 7 69 33 5 
17 3 56 5 84 41 62 44 48 75 40 56 58 71 71 14 12 99 94 28 17 27 81 96 67 74 76 74 8 75 45 25 79 0 97 28 41 58 39 55 100 45 11 23 15 48 37 27 46 97 56 63 90 36 24 56 76 0 96 85 41 40 9 19 6 6 14 47 30 19 2 96 64 80 18 45 27 21 72 39 17 94 1 6 96 93 28 72 59 90 56 100 96 31 86 1 3 66 15 0 
85 17 96 14 63 81 59 90 1 97 28 19 57 96 92 52 54 87 23 12 76 45 79 72 43 64 39 46 29 54 12 80 37 8 60 100 89 85 55 56 47 49 75 3 45 33 56 99 19 45 78 61 91 56 99 33 86 4 45 81 58 58 60 96 32 19 61 87 70 16 42 16 65 84 20 76 83 42 41 68 87 18 28 77 40 94 76 25 98 88 5 21 11 31 16 43 16 44 29 86 
60 37 1 24 20 88 67 69 29 7 36 16 25 65 59 65 24 1 56 21 89 61 42 100 58 25 8 74 69 3 25 95 40 26 85 27 81 51 96 9 58 32 25 49 63 51 80 87 52 35 74 40 62 82 5 19 73 13 59 7 16 84 1 56 77 53 49 57 3 45 66 28 43 58 77 72 8 57 58 60 92 98 66 20 79 71 39 52 84 65 59 100 48 27 21 91 80 71 47 83 
82 80 10 24 37 54 62 45 10 86 71 68 83 36 88 27 6 94 79 56 58 4 55 72 98 42 63 77 12 9 25 60 89 2 50 92 56 11 2 32 97 73 100 79 75 88 73 47 47 17 2 4 21 23 42 18 66 4 61 44 81 87 71 35 89 20 27 10 32 96 42 95 69 41 40 9 95 12 23 41 29 25 11 17 15 54 1 47 24 63 57 4 49 27 40 3 48 33 13 46 
95 55 40 29 96 46 39 57 58 62 98 54 53 76 71 68 29 72 81 53 34 38 24 49 65 30 52 79 29 31 24 23 86 31 53 48 77 92 4 1 19 68 55 72 9 92 6 38 63 87 58 64 24 82 79 56 78 98 34 6 28 25 29 81 22 82 28 65 39 99 66 58 32 87 97 42 78 2 46 7 55 3 71 46 51 49 1 28 46 1 34 41 26 30 21 48 11 49 80 17 
13 45 75 11 99 37 53 76 39 66 83 95 35 19 40 87 69 7 81 81 8 82 21 35 11 42 49 89 57 95 5 36 40 47 14 38 84 33 80 23 99 29 84 34 48 90 87 16 97 67 64 71 48 51 72 59 60 88 48 83 82 53 86 21 66 100 25 50 32 72 39 31 0 22 65 48 78 51 31 40 84 61 10 32 11 83 57 71 70 4 20 51 24 5 39 90 4 30 5 36 
1 44 33 68 66 64 16 9 81 13 49 65 74 60 97 51 42 19 89 11 24 8 28 14 13 67 70 84 64 76 86 65 19 19 100 52 83 15 61 64 95 10 95 34 70 57 85 78 76 73 55 66 47 83 80 60 16 16 9 80 92 96 10 77 14 9 28 63 91 56 93 85 32 87 18 68 43 70 45 19 42 66 85 56 48 31 82 30 47 92 9 4 87 87 81 67 96 76 29 87 
42 0 48 12 9 42 76 86 26 77 83 5 86 22 56 79 43 92 0 96 40 65 76 52 35 15 12 94 28 3 3 36 3 17 48 79 25 90 65 51 66 47 23 18 36 79 97 79 36 98 40 76 28 15 28 63 98 40 56 25 43 25 27 13 9 75 92 34 30 22 86 97 36 75 81 72 19 77 16 55 40 23 97 68 4 24 31 1 31 53 93 40 79 19 19 88 60 78 88 91 
66 39 53 1 13 33 39 32 76 22 53 16 11 16 84 15 40 81 17 37 34 76 44 79 96 63 32 21 6 86 11 73 25 30 40 4 29 46 3 5 68 56 21 79 72 71 60 79 18 77 82 52 53 25 97 14 55 95 35 61 80 13 33 4 9 74 9 39 19 12 10 53 34 98 98 73 68 57 17 52 0 99 3 19 24 66 100 79 60 34 39 40 13 39 44 23 79 19 28 64 
98 38 16 32 35 80 71 69 36 88 21 2 86 91 21 76 57 87 20 83 21 26 22 0 65 33 90 9 18 17 73 16 55 55 14 56 34 85 92 36 38 79 5 90 35 93 66 58 80 86 41 67 78 29 67 8 62 57 17 47 74 90 63 96 44 43 17 44 27 75 47 65 53 52 54 55 10 86 12 90 38 53 56 15 49 23 24 77 46 41 23 19 98 86 81 7 95 65 18 21 
39 31 52 59 49 73 13 59 24 25 49 62 45 4 44 60 94 34 36 39 41 60 25 4 11 72 12 6 36 97 94 76 27 12 34 76 85 13 34 75 4 83 3 49 54 47 8 47 47 11 53 88 71 44 59 48 15 71 54 52 67 14 27 94 26 27 69 77 6 69 51 10 52 54 26 72 67 0 85 80 11 37 34 48 81 93 97 97 29 16 14 96 30 7 55 56 34 90 99 6 
58 50 16 76 70 8 47 3 9 32 49 87 69 83 35 16 75 98 79 3 13 93 65 44 100 86 66 100 75 65 5 33 81 88 75 16 97 22 86 72 54 35 58 89 17 59 71 59 56 49 28 70 41 60 80 40 45 11 5 20 42 10 19 22 99 94 5 61 82 91 32 1 25 90 57 9 49 27 34 71 43 62 40 50 21 86 91 33 98 62 53 39 73 38 28 37 98 33 98 80 
90 29 47 82 85 3 57 100 98 91 71 40 18 77 90 6 63 46 39 26 8 58 31 47 96 59 84 59 58 47 38 48 76 52 96 26 55 52 26 52 42 63 58 26 5 48 32 68 60 37 60 68 95 92 14 56 16 64 15 75 10 19 89 52 71 84 79 26 1 71 44 43 100 2 35 4 16 68 39 76 4 99 10 100 56 91 21 73 55 36 13 31 56 1 84 93 51 28 85 52 
65 29 61 64 98 96 68 13 29 73 55 34 38 65 100 94 56 87 32 77 23 45 7 45 12 91 37 29 85 22 47 49 17 74 12 14 70 47 94 65 86 48 99 23 13 64 84 35 51 15 11 40 27 18 51 5 76 88 1 26 76 48 76 59 22 54 73 58 67 32 22 53 81 88 76 60 17 25 95 34 7 5 40 34 90 91 5 31 45 6 58 20 21 33 80 9 53 18 67 20 
51 55 73 31 42 14 57 26 40 51 60 13 22 0 47 78 91 18 9 1 92 33 22 79 32 68 88 85 86 20 71 2 75 43 100 84 24 56 9 30 6 35 43 95 1 56 73 59 40 48 60 31 81 82 9 12 15 97 63 1 83 34 70 58 43 70 41 67 25 16 63 99 17 5 93 19 27 31 78 68 79 37 99 59 86 75 37 0 37 67 68 20 0 38 78 43 7 85 77 99 
67 39 97 84 11 90 2 38 20 46 5 100 50 71 24 35 45 28 1 82 95 36 68 61 40 11 70 47 62 46 11 28 52 8 79 63 98 81 67 84 94 39 49 43 9 40 78 20 68 45 68 28 81 36 89 20 47 58 33 9 71 45 37 22 53 82 51 16 29 84 100 22 22 15 65 98 55 8 17 22 19 86 16 0 21 4 87 34 28 20 43 99 31 47 87 50 28 3 66 57 
88 31 45 76 46 9 74 0 84 91 89 3 42 4 3 63 8 56 98 3 76 6 1 73 53 55 22 48 58 54 71 11 86 16 88 98 92 61 99 76 17 53 79 60 58 48 89 32 3 52 35 46 59 3 18 78 24 7 92 48 61 63 60 12 79 47 10 70 74 75 11 91 27 90 16 51 3 5 84 74 57 85 19 15 54 3 60 44 10 51 93 38 13 52 50 58 65 60 28 38 
