0.00 
0.00 0.00 0.00 0.00 0.00 0.00 0.00 0.00 0.00 0.00 0.00 0.00 0.00 0.00 0.00 0.00 0.00 0.00 0.00 0.00 
0.00 0.00 0.00 0.00 0.00 0.00 0.00 0.00 0.00 0.00 0.00 0.00 5.07 10.13 15.20 20.27 25.34 30.40 35.47 40.54 
45.61 50.67 55.74 60.81 65.88 70.94 76.01 81.08 86.15 91.21 96.28 101.35 106.42 111.48 116.55 121.62 126.69 131.75 136.82 141.89 
146.95 152.02 157.09 0.00 10.13 20.27 30.40 40.54 50.67 60.81 70.94 81.08 91.21 101.35 111.48 121.62 131.75 141.89 152.02 162.16 
172.29 182.43 192.56 202.70 212.83 222.97 233.10 243.24 253.37 263.51 273.64 283.78 293.91 304.04 314.18 0.00 15.20 30.40 45.61 60.81 
76.01 91.21 106.42 121.62 136.82 152.02 167.22 182.43 197.63 212.83 228.03 243.24 258.44 273.64 288.84 304.04 319.25 334.45 349.65 364.85 
380.06 395.26 410.46 425.66 440.86 456.07 471.27 0.00 20.27 40.54 60.81 81.08 101.35 121.62 141.89 162.16 182.43 202.70 222.97 243.24 
263.51 283.78 304.04 324.31 344.58 364.85 385.12 405.39 425.66 445.93 466.20 486.47 506.74 527.01 547.28 567.55 587.82 608.09 628.36 0.00 
25.34 50.67 76.01 101.35 126.69 152.02 177.36 202.70 228.03 253.37 278.71 304.04 329.38 354.72 380.06 405.39 430.73 456.07 481.40 506.74 
532.08 557.42 582.75 608.09 633.43 658.76 684.10 709.44 734.77 760.11 785.45 0.00 30.40 60.81 91.21 121.62 152.02 182.43 212.83 243.24 
273.64 304.04 334.45 364.85 395.26 425.66 456.07 486.47 516.88 547.28 577.68 608.09 638.49 668.90 699.30 729.71 760.11 790.52 820.92 851.33 
881.73 912.13 942.54 0.00 35.47 70.94 106.42 141.89 177.36 212.83 248.30 283.78 319.25 354.72 390.19 425.66 461.13 496.61 532.08 567.55 
603.02 638.49 673.97 709.44 744.91 780.38 815.85 851.33 886.80 922.27 957.74 993.21 1028.68 1064.16 1099.63 0.00 40.54 81.08 121.62 162.16 
202.70 243.24 283.78 324.31 364.85 405.39 445.93 486.47 527.01 567.55 608.09 648.63 689.17 729.71 770.25 810.79 851.33 891.86 932.40 972.94 
1013.48 1054.02 1094.56 1135.10 1175.64 1216.18 1256.72 0.00 45.61 91.21 136.82 182.43 228.03 273.64 319.25 364.85 410.46 456.07 501.67 547.28 
592.89 638.49 684.10 729.71 775.31 820.92 866.53 912.13 957.74 1003.35 1048.95 1094.56 1140.17 1185.77 1231.38 1276.99 1322.59 1368.20 1413.81 0.00 
50.67 101.35 152.02 202.70 253.37 304.04 354.72 405.39 456.07 506.74 557.42 608.09 658.76 709.44 760.11 810.79 861.46 912.13 962.81 1013.48 
1064.16 1114.83 1165.50 1216.18 1266.85 1317.53 1368.20 1418.88 1469.55 1520.22 1570.90 0.00 55.74 111.48 167.22 222.97 278.71 334.45 390.19 445.93 
501.67 557.42 613.16 668.90 724.64 780.38 836.12 891.86 947.61 1003.35 1059.09 1114.83 1170.57 1226.31 1282.06 1337.80 1393.54 1449.28 1505.02 1560.76 
1616.50 1672.25 1727.99 0.00 60.81 121.62 182.43 243.24 304.04 364.85 425.66 486.47 547.28 608.09 668.90 729.71 790.52 851.33 912.13 972.94 
1033.75 1094.56 1155.37 1216.18 1276.99 1337.80 1398.61 1459.41 1520.22 1581.03 1641.84 1702.65 1763.46 1824.27 1885.08 0.00 65.88 131.75 197.63 263.51 
329.38 395.26 461.13 527.01 592.89 658.76 724.64 790.52 856.39 922.27 988.15 1054.02 1119.90 1185.77 1251.65 1317.53 1383.40 1449.28 1515.16 1581.03 
1646.91 1712.79 1778.66 1844.54 1910.41 1976.29 2042.17 0.00 70.94 141.89 212.83 283.78 354.72 425.66 496.61 567.55 638.49 709.44 780.38 851.33 
922.27 993.21 1064.16 1135.10 1206.04 1276.99 1347.93 1418.88 1489.82 1560.76 1631.71 1702.65 1773.59 1844.54 1915.48 1986.43 2057.37 2128.31 2199.26 0.00 
76.01 152.02 228.03 304.04 380.06 456.07 532.08 608.09 684.10 760.11 836.12 912.13 988.15 1064.16 1140.17 1216.18 1292.19 1368.20 1444.21 1520.22 
1596.23 1672.25 1748.26 1824.27 1900.28 1976.29 2052.30 2128.31 2204.32 2280.34 2356.35 0.00 81.08 162.16 243.24 324.31 405.39 486.47 567.55 648.63 
729.71 810.79 891.86 972.94 1054.02 1135.10 1216.18 1297.26 1378.34 1459.41 1540.49 1621.57 1702.65 1783.73 1864.81 1945.89 2026.96 2108.04 2189.12 2270.20 
2351.28 2432.36 2513.44 0.00 86.15 172.29 258.44 344.58 430.73 516.88 603.02 689.17 775.31 861.46 947.61 1033.75 1119.90 1206.04 1292.19 1378.34 
1464.48 1550.63 1636.77 1722.92 1809.07 1895.21 1981.36 2067.50 2153.65 2239.80 2325.94 2412.09 2498.23 2584.38 2670.53 0.00 91.21 182.43 273.64 364.85 
456.07 547.28 638.49 729.71 820.92 912.13 1003.35 1094.56 1185.77 1276.99 1368.20 1459.41 1550.63 1641.84 1733.05 1824.27 1915.48 2006.69 2097.91 2189.12 
2280.34 2371.55 2462.76 2553.98 2645.19 2736.40 2827.62 0.00 96.28 192.56 288.84 385.12 481.40 577.68 673.97 770.25 866.53 962.81 1059.09 1155.37 
1251.65 1347.93 1444.21 1540.49 1636.77 1733.05 1829.34 1925.62 2021.90 2118.18 2214.46 2310.74 2407.02 2503.30 2599.58 2695.86 2792.14 2888.42 2984.71 0.00 
101.35 202.70 304.04 405.39 506.74 608.09 709.44 810.79 912.13 1013.48 1114.83 1216.18 1317.53 1418.88 1520.22 1621.57 1722.92 1824.27 1925.62 2026.96 
2128.31 2229.66 2331.01 2432.36 2533.71 2635.05 2736.40 2837.75 2939.10 3040.45 3141.80 0.00 106.42 212.83 319.25 425.66 532.08 638.49 744.91 851.33 
957.74 1064.16 1170.57 1276.99 1383.40 1489.82 1596.23 1702.65 1809.07 1915.48 2021.90 2128.31 2234.73 2341.14 2447.56 2553.98 2660.39 2766.81 2873.22 2979.64 
3086.05 3192.47 3298.88 0.00 111.48 222.97 334.45 445.93 557.42 668.90 780.38 891.86 1003.35 1114.83 1226.31 1337.80 1449.28 1560.76 1672.25 1783.73 
1895.21 2006.69 2118.18 2229.66 2341.14 2452.63 2564.11 2675.59 2787.08 2898.56 3010.04 3121.53 3233.01 3344.49 3455.97 0.00 116.55 233.10 349.65 466.20 
582.75 699.30 815.85 932.40 1048.95 1165.50 1282.06 1398.61 1515.16 1631.71 1748.26 1864.81 1981.36 2097.91 2214.46 2331.01 2447.56 2564.11 2680.66 2797.21 
2913.76 3030.31 3146.86 3263.41 3379.96 3496.51 3613.06 0.00 121.62 243.24 364.85 486.47 608.09 729.71 851.33 972.94 1094.56 1216.18 1337.80 1459.41 
1581.03 1702.65 1824.27 1945.89 2067.50 2189.12 2310.74 2432.36 2553.98 2675.59 2797.21 2918.83 3040.45 3162.06 3283.68 3405.30 3526.92 3648.54 3770.15 0.00 
126.69 253.37 380.06 506.74 633.43 760.11 886.80 1013.48 1140.17 1266.85 1393.54 1520.22 1646.91 1773.59 1900.28 2026.96 2153.65 2280.34 2407.02 2533.71 
2660.39 2787.08 2913.76 3040.45 3167.13 3293.82 3420.50 3547.19 3673.87 3800.56 3927.24 0.00 131.75 263.51 395.26 527.01 658.76 790.52 922.27 1054.02 
1185.77 1317.53 1449.28 1581.03 1712.79 1844.54 1976.29 2108.04 2239.80 2371.55 2503.30 2635.05 2766.81 2898.56 3030.31 3162.06 3293.82 3425.57 3557.32 3689.08 
3820.83 3952.58 4084.33 0.00 136.82 273.64 410.46 547.28 684.10 820.92 957.74 1094.56 1231.38 1368.20 1505.02 1641.84 1778.66 1915.48 2052.30 2189.12 
2325.94 2462.76 2599.58 2736.40 2873.22 3010.04 3146.86 3283.68 3420.50 3557.32 3694.14 3830.96 3967.78 4104.60 4241.42 0.00 141.89 283.78 425.66 567.55 
709.44 851.33 993.21 1135.10 1276.99 1418.88 1560.76 1702.65 1844.54 1986.43 2128.31 2270.20 2412.09 2553.98 2695.86 2837.75 2979.64 3121.53 3263.41 3405.30 
3547.19 3689.08 3830.96 3972.85 4114.74 4256.63 4398.51 0.00 146.95 293.91 440.86 587.82 734.77 881.73 1028.68 1175.64 1322.59 1469.55 1616.50 1763.46 
1910.41 2057.37 2204.32 2351.28 2498.23 2645.19 2792.14 2939.10 3086.05 3233.01 3379.96 3526.92 3673.87 3820.83 3967.78 4114.74 4261.69 4408.65 4555.60 0.00 
152.02 304.04 456.07 608.09 760.11 912.13 1064.16 1216.18 1368.20 1520.22 1672.25 1824.27 1976.29 2128.31 2280.34 2432.36 2584.38 2736.40 2888.42 3040.45 
3192.47 3344.49 3496.51 3648.54 3800.56 3952.58 4104.60 4256.63 4408.65 4560.67 4712.69 0.00 157.09 314.18 471.27 628.36 785.45 942.54 1099.63 1256.72 
1413.81 1570.90 1727.99 1885.08 2042.17 2199.26 2356.35 2513.44 2670.53 2827.62 2984.71 3141.80 3298.88 3455.97 3613.06 3770.15 3927.24 4084.33 4241.42 4398.51 
4555.60 4712.69 4869.78 
