0.422224	0.133948
0.761231	0.568115
0.11743	1.47072
0.738343	0.327818
0.125315	0.844234
1.49412	0.200389
0.870153	0.0265572
1.53304	0.729538
0.157884	0.198748
0.20732	0.383045
0.970743	0.739638
0.423892	0.109028
0.885007	0.154069
0.741254	0.947508
0.905414	0.0252501
1.10428	0.465677
1.18664	0.112057
1.02327	0.566782
1.37279	0.198015
1.41794	1.1696
0.925555	1.32974
1.52111	0.701982
1.50875	1.20257
0.213464	0.577306
0.710643	0.257921
0.611254	0.171499
1.26361	0.556475
1.11469	1.0941
1.18089	1.00852
1.1736	1.2429
0.00674402	1.49275
0.770121	1.04365
0.885843	1.41407
0.89834	0.213783
0.728467	0.225549
0.898104	0.307439
0.810435	0.364244
0.823243	1.23384
1.00238	1.33812
1.38531	0.09989
1.4768	0.569887
1.21522	0.420461
0.514792	1.20509
1.31083	1.27626
1.53534	1.38986
0.020804	1.40884
0.00950709	0.609199
1.50214	1.51896
1.23111	1.44116
0.48577	1.52219
1.4328	1.37233
0.617499	1.1838
0.430491	1.37729
0.107416	0.0334658
0.571146	0.42027
0.773269	1.40267
0.688212	0.806587
1.0149	1.34878
0.52119	0.622038
1.50107	1.05237
1.29285	0.54089
0.540189	1.2477
1.18087	0.770122
0.643365	0.489749
0.109955	0.351546
1.19369	0.539934
0.439466	1.30259
0.683506	0.208033
0.461543	0.388476
0.816878	0.156711
0.118041	0.48412
0.625186	0.00848545
1.01395	1.50753
1.24512	0.341115
1.50179	0.521069
0.103982	1.46246
0.300658	0.717254
0.634825	0.618459
0.894236	0.439409
1.50723	0.968705
0.713417	1.23785
1.07712	1.24651
1.01663	0.141743
1.35824	1.067
1.4647	0.838202
0.430007	1.49475
1.51405	0.348981
1.31608	0.622135
0.541105	0.101247
1.0936	0.83651
1.15836	0.936321
0.48781	1.0869
0.768808	0.0546289
0.213916	0.0616861
0.929805	0.229922
0.954163	0.297855
1.52582	0.371362
0.796197	1.34669
0.372749	0.745145
1.06902	0.858123
0.433099	1.09337
0.011096	1.22955
1.56417	0.964615
1.43028	0.884624
0.113364	0.896252
0.342393	0.658566
0.448474	0.739975
0.805109	1.36288
1.26637	0.438769
0.319032	0.630892
1.468	1.47764
1.45081	1.12595
0.511349	1.47672
0.561373	0.35678
0.337258	0.706716
0.153179	0.871673
0.0374179	0.529075
0.426975	0.180073
0.356032	1.39996
0.016609	0.858671
0.293338	1.38554
1.30212	0.542585
1.2083	0.142895
1.24418	0.389511
1.56954	0.93521
0.710893	1.50742
0.391938	1.46604
1.39097	1.42869
1.33545	1.40324
1.31977	0.867464
0.375396	0.171164
1.48627	1.05934
1.51629	1.25974
0.711419	0.985371
0.551451	0.5385
1.21501	1.42034
1.00346	0.498546
1.499	0.474626
0.898302	0.00667716
0.980901	1.03809
0.638158	0.499378
0.101802	0.461458
0.580865	0.674081
1.4054	0.152955
0.941672	0.144357
1.41488	0.0107865
0.413586	0.30173
0.430836	1.2494
1.32679	1.44995
0.847108	1.13212
0.877294	0.750133
0.907551	0.127412
1.32605	0.513415
1.12547	0.670037
0.939711	0.389413
0.513585	0.378558
1.254	0.79507
0.719789	1.1322
0.225833	1.46755
1.46025	0.0201031
0.173211	0.41919
0.868543	0.327365
0.329121	0.0243168
0.159806	0.677291
1.49288	0.278739
0.270216	0.136369
1.31791	1.48639
0.845981	0.552745
0.562365	0.686971
1.46114	0.830944
1.37842	0.661455
0.554663	0.588884
0.698027	0.996913
0.639538	0.329908
1.23091	0.604169
1.52396	0.847932
0.369266	0.049927
0.331475	0.320299
0.34381	0.576432
0.440069	0.221751
0.23305	1.54485
1.49806	1.07324
1.07737	1.39667
1.54877	1.55186
1.44899	0.389632
1.52254	1.559
1.31041	1.40258
0.266153	1.43555
0.169033	0.0527902
0.092545	0.725381
0.220073	0.505933
1.29424	0.61415
0.426783	1.2196
0.455975	1.17164
0.123099	0.110586
1.15325	1.05718
0.00537497	0.966289
1.31714	1.4092
0.254529	0.221801
0.723464	0.312221
0.122548	0.908116
0.355828	0.134301
0.867907	0.340871
1.0205	0.634194
1.33896	0.516722
1.24585	1.56167
0.093676	0.342782
1.26299	1.11048
0.261842	0.726654
0.957132	1.19285
0.363798	0.60041
0.79144	0.882932
0.249483	1.36504
0.710088	0.425974
0.836609	0.745762
0.912929	0.940068
1.34456	0.21914
0.292284	1.07845
1.44035	0.454703
1.06015	0.791298
0.539676	0.443488
0.397346	0.488818
0.6324	0.87667
1.19955	0.964631
1.37753	1.19701
0.104037	0.0934694
0.676498	0.0656888
1.06985	0.598074
0.284192	0.169472
1.18788	1.49959
0.235404	0.723062
0.32135	0.663689
0.276506	1.20924
0.794449	0.357411
0.331262	0.39422
1.37765	1.125
0.418498	0.918513
0.176581	0.768133
1.48311	1.48043
1.5276	0.201019
1.17344	0.776704
0.00283189	0.203511
0.110281	1.5185
0.332632	0.230883
1.46682	0.730624
0.278372	1.20148
0.093538	0.975816
0.408257	1.5407
0.979352	0.518329
0.181956	0.842291
0.363356	1.55437
1.35655	1.05108
1.31156	1.25137
0.634708	0.201926
1.35516	1.47579
1.52977	1.14512
0.923909	1.13739
1.37517	0.0642734
0.529184	0.0758984
1.34119	0.895368
0.680716	0.479229
0.721262	1.1405
0.298757	0.363117
0.0511634	0.207281
0.412852	0.16082
1.51034	0.639238
0.29125	1.54324
1.55259	0.341609
0.360035	0.419541
0.248573	1.43502
1.45925	0.990148
1.18857	1.33877
0.771515	1.55441
1.20634	0.270528
0.681003	0.665457
0.115742	1.41997
0.404553	0.574678
1.13116	1.41233
1.16678	0.363123
1.27046	1.49346
0.196372	0.158907
0.685161	1.0159
1.12559	0.204244
1.35322	0.758867
0.014461	0.612928
0.747223	1.19036
1.50266	0.872313
0.526364	1.42961
0.876961	1.14344
0.957715	1.24461
0.557003	0.367937
0.128415	1.07877
1.17985	0.503221
1.50244	0.851767
0.827317	0.880994
0.472873	0.961637
0.033813	0.892071
0.359631	1.55058
0.234692	0.0946839
0.291351	1.23999
0.20152	0.154371
1.0447	1.26305
1.41629	1.29098
0.318981	0.483779
1.19422	1.0349
0.494481	1.15968
1.18762	1.16407
0.392862	0.182833
0.284349	1.11247
0.495074	1.15196
0.037301	0.899724
1.26655	0.915087
0.805504	0.25416
0.347887	0.377676
0.891263	1.39895
0.835526	1.55202
0.965286	0.605523
0.517225	1.54073
0.901666	0.447711
0.337014	0.79451
0.307935	1.39126
1.53997	0.0915961
0.462638	0.817078
0.050356	1.52134
0.562342	1.13718
0.487274	0.903441
0.081046	0.851188
1.02796	0.230144
1.27994	0.12625
0.310884	1.48853
1.40768	1.31089
1.17083	0.559649
0.942348	0.0764733
1.34417	0.861748
0.025151	0.795807
1.12721	1.32823
1.24144	0.39441
0.593769	0.697964
1.29845	1.42396
0.497715	1.00228
0.0668421	1.01702
1.22018	0.233439
0.520772	1.54359
0.365405	1.0253
1.34296	0.643103
1.28107	0.970603
0.895905	1.12106
1.18166	0.800564
0.969911	0.980089
0.0467769	0.742959
0.155994	0.906092
0.341121	0.178384
0.378694	0.319103
1.48272	1.12944
0.138227	0.48719
1.0235	0.477823
0.482977	0.829582
0.215408	0.919546
0.551306	1.57041
0.653763	0.424433
0.520155	0.893613
0.697697	0.223151
0.29078	1.17984
1.40966	1.29486
1.16451	1.52976
0.485558	0.484461
1.3196	1.34496
0.0593841	0.540981
1.55127	0.771098
1.00459	1.24727
0.363013	1.03891
0.275451	0.499208
1.11911	1.07684
0.849716	0.29135
0.162158	0.00611816
1.54594	0.260017
0.267604	1.53318
0.661082	0.183288
1.06291	1.24493
0.010019	0.668581
0.230215	0.725267
0.255165	0.0622233
0.954144	1.25685
1.22774	0.780378
0.081266	1.23644
0.486752	1.54873
0.196582	0.358366
0.261072	1.36706
0.256316	1.2563
1.35162	0.0409137
0.935264	1.39512
0.729676	0.635418
1.56178	1.14658
0.0409639	1.38571
0.424678	0.416424
0.591622	0.953278
0.730323	1.09268
0.528747	0.450907
0.50682	0.732294
1.53004	0.987419
1.10417	0.233692
1.44848	0.19637
0.692075	1.5049
1.09746	0.226351
0.321584	0.62785
1.30292	1.01199
1.06254	0.911902
0.500827	1.4657
1.39271	0.912974
0.808751	0.38125
0.441446	0.258583
0.28914	0.00201324
0.48613	0.620099
1.52671	0.835124
0.508995	0.800353
0.639544	1.46879
1.2593	0.808007
0.529832	0.515537
0.048573	0.852158
0.613847	1.29425
1.52386	0.462036
0.205773	0.879128
1.36101	0.0607332
0.76351	1.52438
0.400894	0.329509
0.152223	0.668092
0.712863	0.920549
0.07165	1.06142
0.615592	1.11207
1.08626	0.557843
0.761237	0.545967
0.85818	1.25454
1.10826	0.589827
1.24569	1.08024
0.851436	1.47165
1.09835	0.575818
1.34049	0.223034
1.13345	1.37531
0.902468	1.29039
0.646369	0.445368
0.427067	1.51732
0.574916	0.78432
1.22612	0.0767365
1.05366	1.08802
1.4997	0.590289
0.506805	0.797801
1.27146	0.125825
1.43888	1.55694
0.426853	0.333974
0.000326994	1.52243
1.15335	0.70493
0.601236	1.02395
0.541257	0.386147
0.12255	0.903482
0.337687	0.600096
0.127605	0.0723144
0.752333	1.32765
0.134796	0.854286
1.02558	1.25535
1.00823	0.331551
0.934886	1.28821
0.021802	1.18587
1.3943	0.0491519
0.641714	0.914183
0.772153	0.822572
0.723005	1.5606
1.11272	1.55207
1.28306	0.667908
0.806853	0.0311021
0.838379	1.48383
0.313178	0.473163
0.097614	1.46151
1.52971	0.248817
1.06234	0.756538
0.000252982	0.783264
0.603169	1.30335
0.371231	0.376288
0.463083	0.740525
0.04673	0.869839
1.26223	1.08481
0.38757	1.16635
0.580678	0.889475
0.698004	1.04637
0.739555	0.332295
0.361579	0.8946
1.13938	1.33224
1.42615	1.23409
0.856639	0.214914
0.491607	1.0897
0.933876	0.871407
0.51858	0.708304
1.13855	1.316
0.920401	0.848584
0.048786	1.37381
0.192317	0.837626
1.09842	1.10616
0.651358	1.11134
0.840347	1.07732
0.38036	0.807494
0.244679	0.163901
0.724477	0.118795
0.4183	0.857205
0.507019	1.09064
0.04651	0.738165
0.198509	1.0923
0.468721	0.828093
0.918894	1.36009
0.29278	0.114137
1.08217	1.08182
0.402443	1.29587
0.896979	0.586952
0.89582	0.945252
0.230842	0.250978
0.930646	0.0457124
1.55297	0.44898
0.888777	0.0477364
0.797128	0.458798
0.470518	0.778458
1.31555	1.25175
0.731496	1.51041
0.199576	0.960437
0.99341	0.697486
0.454988	1.15172
1.09295	0.814072
0.430764	1.44808
0.899456	1.53472
1.53957	1.38855
0.875565	1.26973
1.12564	1.55963
1.09911	1.53638
1.52247	0.409171
0.50185	0.987978
0.257709	0.0462467
1.06995	0.90011
0.378222	1.17709
1.52505	1.26214
1.3798	1.27035
1.3453	0.646507
1.28058	1.55614
1.02648	0.236887
1.36747	1.46036
0.680505	1.32756
0.316201	0.00428465
0.0958531	0.159244
1.16811	1.24851
1.36986	0.0208883
0.0300669	1.35187
0.745668	0.90102
1.15186	0.279017
0.718567	1.05724
0.480056	1.38502
0.279457	1.47967
0.221287	1.45007
1.32059	1.55964
1.20925	1.18721
0.643754	0.603768
0.939265	0.720894
0.253445	1.39755
1.11344	0.268761
1.43978	0.588067
1.04221	0.147644
0.449399	1.19582
0.848368	0.632837
1.16682	1.31003
1.27287	0.33003
0.468205	1.0737
0.904519	1.24463
0.780443	0.149189
0.532952	0.0576707
0.916405	1.1247
1.27811	1.28237
0.848723	0.614192
1.45337	0.792444
1.48557	1.11348
0.528715	1.27874
0.409958	0.362995
0.29526	1.3584
0.917373	0.312606
1.4452	0.0650666
1.27034	0.524869
0.281182	1.43725
0.288765	0.0556905
1.16194	0.214619
0.887205	0.391344
1.38876	0.301195
0.860759	0.428769
0.841925	0.58845
0.683208	1.33265
0.989862	0.0623382
0.816608	1.00647
0.760297	1.512
1.54902	1.56515
1.40051	0.63981
0.433005	1.54458
1.41105	0.866704
1.01962	0.49574
1.12078	1.29196
0.49329	0.0195377
0.00874205	0.752388
0.491296	1.36169
0.192495	1.22117
1.52109	1.35605
0.737522	0.887758
0.918413	0.131308
0.979264	1.3961
1.26797	1.01328
1.00467	1.30515
1.19876	0.0973388
0.184366	0.598732
0.341907	1.16264
0.802132	0.699383
1.21966	0.642022
1.10961	0.619564
1.1232	0.508542
0.00214799	1.16006
0.585679	1.25224
0.734819	1.06793
0.986595	0.242845
1.36679	0.481263
0.544677	1.09107
0.693444	0.912132
1.04759	0.593424
0.897635	0.288546
1.38569	1.12154
1.07967	1.04215
0.771988	0.203682
0.59368	0.45172
0.953205	0.926131
1.53841	0.423072
1.51759	1.00806
0.30289	1.42649
0.673092	1.12905
0.957015	0.785675
0.568862	1.39831
0.048826	1.34986
1.54048	1.32789
0.30588	0.976506
0.596271	1.40783
0.299787	0.635933
0.573057	0.130381
1.14648	1.01532
0.632267	0.051217
1.03109	0.546946
1.43612	0.976879
0.064208	1.01019
0.504789	1.1766
0.553658	0.434806
0.39785	1.28683
0.121354	1.27135
0.0967021	0.855534
1.17635	1.30371
0.393934	0.458763
1.28461	0.898266
0.603904	0.958643
1.28801	1.11223
0.211652	0.363303
0.987159	0.106115
1.38137	0.514728
0.611741	0.190586
1.13018	0.993279
1.41215	1.48692
1.53986	0.760564
1.13421	1.34983
0.861364	0.0693602
0.935679	1.03662
1.49382	0.0937054
0.734233	0.652368
0.465928	0.218507
1.22627	0.577406
0.220376	0.850989
0.963187	1.13651
0.147912	1.14138
1.38735	1.53391
1.47035	0.852965
0.849925	1.55111
0.299467	1.0188
0.921691	1.40733
0.39673	0.517816
0.032541	1.2357
1.17012	1.15512
1.32628	0.0313427
0.600897	0.08569
0.313914	0.300258
1.29189	0.600981
1.32966	1.32666
0.331661	1.37697
1.13868	0.351685
0.029402	1.19998
0.551042	0.544338
0.959512	1.08159
1.13091	0.423661
1.08106	0.478517
1.4604	0.0650336
0.244833	1.26599
0.436691	0.945929
0.0107303	0.0513123
0.500075	0.907304
0.321566	0.813335
0.575775	1.17194
0.542174	0.388938
0.5299	0.0826037
1.01727	0.147082
0.174726	0.523436
0.903226	1.32383
0.474125	1.55763
1.09363	0.54485
0.898578	0.86577
1.25755	1.34876
0.993562	0.659276
1.42714	1.5277
0.430924	0.173445
0.0952819	0.348234
1.37096	0.651035
0.300075	0.385368
0.141595	1.35458
1.06579	1.30595
0.287028	1.49355
0.369014	0.504593
1.28419	1.43139
1.08955	0.60517
0.578496	0.840924
0.423308	0.209805
1.25077	0.50275
0.290524	1.24875
1.25857	0.239736
0.755047	1.15312
0.0143231	1.41812
0.134048	0.285589
1.21396	0.194753
0.197339	0.339229
0.281751	0.0737213
1.38566	1.10546
0.954485	0.312992
1.1439	1.16472
0.74542	1.48013
0.728102	0.688174
0.112129	0.229736
1.28147	1.1777
0.679403	0.721133
1.43725	1.36448
1.14309	0.580787
0.739819	1.42995
0.695621	1.01592
1.0118	1.29014
0.25414	1.53541
1.27013	0.842827
1.26207	1.53647
1.24466	0.152003
0.125429	0.0840886
0.251476	1.03712
1.5481	0.107976
1.3502	0.868265
0.064546	1.46912
0.693585	1.42876
0.349977	0.384303
1.17044	0.194018
0.08639	1.25637
0.918312	0.237894
1.4312	1.13387
0.722654	0.299152
0.231199	0.208609
1.39466	1.49322
0.332599	1.20892
0.402154	0.890595
1.49984	1.31971
0.882208	0.774325
0.859252	0.737668
0.353449	0.910816
1.02559	1.49858
1.13579	0.410073
0.912967	0.671256
0.75497	0.649728
1.25492	0.271382
1.38223	1.30923
0.926155	1.09573
0.379409	0.568453
0.656372	1.53839
0.92039	1.0334
0.0571229	0.593325
0.341693	0.161051
0.166183	0.287043
0.427544	0.911456
1.10074	0.742227
0.990036	0.256381
1.51061	1.51611
1.52595	1.14394
1.44201	1.14805
0.354565	0.19809
1.52043	0.333738
0.614209	0.0119105
0.564592	0.100032
0.383693	0.843881
0.584211	1.48732
0.79889	0.860341
1.45701	0.642289
0.686023	1.19009
0.734319	0.773496
0.10805	0.827415
0.972211	0.720414
1.09214	1.3266
0.391431	1.42486
0.497421	1.24191
0.993057	1.04198
1.05049	0.10043
1.41531	0.0446167
0.615976	0.984473
1.3591	0.127815
0.908874	0.814475
0.528619	0.819697
1.01745	0.865926
0.992424	1.24514
0.642735	0.226764
0.583644	1.12941
0.346229	1.5077
0.0690419	0.370405
0.892271	0.373532
1.45192	0.387478
0.972508	1.16978
1.40974	0.883682
0.684236	0.989001
1.13145	0.29849
0.122104	0.156218
0.410666	0.573466
0.744456	0.739933
0.152337	1.54549
1.51001	0.644267
1.53688	0.367026
1.1298	0.676498
0.83271	0.949395
1.18152	0.546873
0.150078	1.07292
1.16019	0.532205
1.45198	0.202538
0.760395	1.54042
1.55225	1.23926
1.04268	0.682473
0.602662	0.732835
0.582122	0.487951
0.425977	1.32565
0.647423	1.36356
1.40089	1.21216
1.27799	0.971696
1.03534	1.22054
0.457225	1.47437
0.425677	1.06443
0.841359	0.229471
0.933547	1.22182
0.365021	0.495313
1.05472	0.483709
0.295709	0.719469
0.482927	0.572012
1.42635	0.0710141
0.108702	1.19931
1.01301	1.46557
0.898537	0.583307
1.42178	0.657887
1.50091	0.442299
1.56004	0.406901
0.65928	0.219249
1.27804	0.776753
0.239624	1.06474
0.0454129	0.595831
1.01223	0.400866
0.0658	0.664154
0.597825	1.04103
0.153267	0.0120498
0.937441	0.26404
0.395456	0.328811
0.48465	0.15553
0.671333	1.43507
0.970142	0.461278
0.902154	0.999222
0.555544	1.3342
0.153286	0.950831
1.5143	0.223003
0.270182	1.54115
0.747091	0.774568
1.20311	0.182427
0.823677	0.678436
0.169394	0.281056
0.641047	1.27297
0.83169	0.976835
1.18625	0.736731
1.376	0.412387
0.465147	0.347252
0.50095	0.999897
0.950067	0.0566292
0.174084	1.23243
0.363636	0.332965
1.40829	0.214438
0.565668	0.756158
1.21694	1.46792
0.634618	1.42685
1.26388	1.45667
1.1411	0.379389
0.452739	0.671387
0.591848	0.155831
1.04268	0.857082
0.894247	1.15207
1.15067	0.664686
0.193928	1.43446
1.48794	0.553329
0.407042	1.32755
0.771993	0.679993
1.04251	1.36693
1.47452	0.173424
1.50888	0.364873
0.882565	1.46442
1.11364	1.09956
0.580674	0.267351
0.97075	1.38714
1.1795	0.368081
0.648842	0.749072
0.468494	1.14708
1.23097	0.675194
1.08569	0.37819
0.927999	0.9808
0.974559	0.83637
0.693618	0.477481
0.398453	0.76773
0.54428	0.28592
0.816315	0.847464
0.877831	1.02387
1.26633	0.267491
0.536342	0.102664
0.788882	0.0740346
0.988427	0.185718
0.434572	1.43721
1.0747	0.99686
0.845637	0.831123
0.868503	0.184067
0.171666	0.369302
0.762047	0.291944
1.29739	0.516697
1.29516	0.890102
1.0341	1.29986
1.54248	0.573307
0.943634	1.51698
0.07845	1.1769
0.844986	1.25356
0.226516	0.857434
1.51712	1.44031
0.712169	1.39414
1.29178	0.321559
0.9354	0.936491
0.833299	1.28972
0.46311	0.124567
0.966786	0.487069
0.912297	0.981876
1.00217	1.49731
0.308251	1.16941
1.41409	0.26776
1.02249	0.15937
1.31346	1.11406
1.10558	1.4467
0.527947	0.0979075
0.767913	0.0221299
1.27852	1.1662
0.711016	1.29871
1.0331	0.169509
0.466314	0.87022
0.195945	0.567293
1.06227	1.06643
0.964789	1.17653
0.269815	0.738072
1.52454	1.08516
0.060497	1.10989
0.283229	0.211827
0.643473	0.244015
0.169925	0.694208
1.47577	1.45669
0.203549	1.05938
0.763819	0.0436876
0.25165	0.464176
0.76035	0.262233
0.844568	0.308789
0.613771	0.409557
0.771452	0.212239
0.278962	0.483675
1.0622	0.190393
1.36223	0.84738
1.5658	0.927448
0.0967609	0.811865
1.02778	0.127271
0.137603	0.432577
1.12921	0.667377
0.260215	0.326488
1.22815	1.025
1.48418	1.20629
1.40956	1.04934
0.28593	0.0857652
1.3865	1.01679
1.06973	0.454199
0.697104	1.56323
1.42462	0.0422246
1.40044	0.195166
0.0904882	0.215424
0.556007	1.16632
0.470319	1.02118
0.754906	0.328273
