0.039661839604377747
0.006738345604389906
0.030955096706748009
0.071597248315811157
0.017778083682060242
0.090796738862991333
0.120179742574691772
0.155257150530815125
0.015124854631721973
0.048752304166555405
0.085901245474815369
0.000029364062356763
0.009506006725132465
0.035139471292495728
0.092793695628643036
0.134105324745178223
0.176362082362174988
0.030499536544084549
0.079851880669593811
0.124798253178596497
0.004913468845188618
0.042696505784988403
0.084667138755321503
0.107662536203861237
0.178652375936508179
0.238697066903114319
0.056499570608139038
0.135526776313781738
0.199389576911926270
0.025515902787446976
0.101297445595264435
0.166082039475440979
0.000000798889402631
0.000268509087618440
0.000551892560906708
0.006833094637840986
0.008110151626169682
0.006599090527743101
0.074241735041141510
0.048133026808500290
0.031240506097674370
0.001997743267565966
0.014194060117006302
0.021656835451722145
0.022207779809832573
0.039209760725498199
0.045496128499507904
0.079125843942165375
0.081323541700839996
0.080768167972564697
0.016866594552993774
0.058741126209497452
0.083991847932338715
0.048207800835371017
0.094884641468524933
0.120087444782257080
0.099728293716907501
0.139924466609954834
0.162183076143264771
0.076337009668350220
0.089683562517166138
0.105646722018718719
0.007562427315860987
0.024376152083277702
0.042950622737407684
0.000000000000000000
0.000236767431488261
0.004015908110886812
0.076386459171772003
0.092223808169364929
0.110974222421646118
0.015249768272042274
0.039925940334796906
0.062399126589298248
0.000118606149044354
0.009185990318655968
0.025872951373457909
0.079159550368785858
0.108621902763843536
0.136235669255256653
0.028249785304069519
0.067763388156890869
0.099694788455963135
0.004314346704632044
0.035714603960514069
0.067150853574275970
0.000000000000000000
0.000002021698719545
0.000017926911823452
0.003416547318920493
0.004055075813084841
0.003299545263871551
0.084546118974685669
0.065130054950714111
0.045423235744237900
0.000049452348321211
0.002542257541790605
0.005345440469682217
0.011103889904916286
0.019604880362749100
0.022748064249753952
0.084664709866046906
0.074079252779483795
0.067280270159244537
0.002822536043822765
0.018940359354019165
0.030606875196099281
0.024103900417685509
0.047442320734262466
0.060043722391128540
0.088860452175140381
0.100607879459857941
0.108558163046836853
0.085394978523254395
0.094629108905792236
0.107014030218124390
0.011682092212140560
0.029472071677446365
0.045313473790884018
0.000013610778296425
0.003783928696066141
0.012771600857377052
0.087849110364913940
0.114256426692008972
0.140230596065521240
0.027399946004152298
0.064158357679843903
0.093566425144672394
0.004106578417122364
0.032157592475414276
0.059690319001674652
0.103692308068275452
0.163283839821815491
0.211408793926239014
0.053590692579746246
0.121908679604530334
0.173821792006492615
0.023795092478394508
0.089684210717678070
0.142578199505805969
0.000001980668912438
0.001053873216733336
0.003336778376251459
0.009393579326570034
0.018092200160026550
0.022709073498845100
0.080829583108425140
0.074599355459213257
0.071240097284317017
0.002456090645864606
0.020681207999587059
0.036553319543600082
0.025111436843872070
0.052778452634811401
0.070962026715278625
0.084922552108764648
0.102973029017448425
0.118158847093582153
0.018299289047718048
0.069708615541458130
0.107731506228446960
0.051302168518304825
0.110528782010078430
0.151217356324195862
0.104611061513423920
0.160499662160873413
0.201046720147132874
0.073860675096511841
0.077624551951885223
0.082423865795135498
0.005841046106070280
0.014736035838723183
0.022656736895442009
0.000000000000000000
0.000053631938499166
0.000884927285369486
0.073926694691181183
0.081595622003078461
0.091924823820590973
0.013699973002076149
0.032079178839921951
0.046783212572336197
0.000090399131295271
0.006402287166565657
0.016974609345197678
0.076979003846645355
0.100460253655910492
0.122132599353790283
0.026795346289873123
0.060954339802265167
0.086910896003246307
0.003942413721233606
0.031058689579367638
0.056673761457204819
0.000000000000000000
0.000013661492630490
0.000182891701115295
0.004696789663285017
0.009046100080013275
0.011354536749422550
0.088193088769912720
0.082723684608936310
0.076736085116863251
0.000066020140366163
0.003984743263572454
0.009683851152658463
0.012555718421936035
0.026389226317405701
0.035481013357639313
0.088283494114875793
0.089072361588478088
0.092825785279273987
0.003118326887488365
0.022849371656775475
0.039891634136438370
0.025651084259152412
0.055264391005039215
0.075608678162097931
0.092135488986968994
0.113728761672973633
0.132524937391281128
0.087075524032115936
0.102556228637695312
0.121907003223896027
0.012695201672613621
0.034935493022203445
0.056708063930273056
0.000017370517525706
0.005138075910508633
0.018116328865289688
0.089379176497459412
0.120309256017208099
0.151173114776611328
0.028340816497802734
0.068833336234092712
0.102799952030181885
0.004344579763710499
0.035214882344007492
0.066886462271213531
0.104918673634529114
0.167999714612960815
0.219772636890411377
0.054484009742736816
0.126059815287590027
0.181605011224746704
0.024319807067513466
0.093200951814651489
0.149686068296432495
0.000001519613419987
0.000705365615431219
0.001995737431570888
0.008538894355297089
0.014360474422574043
0.016065932810306549
0.078778795897960663
0.065838880836963654
0.056743387132883072
0.002305187750607729
0.018458398059010506
0.031261872500181198
0.024184538051486015
0.048258297145366669
0.062157809734344482
0.083106011152267456
0.095915660262107849
0.105513483285903931
0.017844701185822487
0.066148862242698669
0.099861375987529755
0.050327703356742859
0.105484768748283386
0.140962868928909302
0.103081271052360535
0.153901726007461548
0.188313081860542297
0.074631124734878540
0.081411652266979218
0.089774869382381439
0.006347600836306810
0.017467746511101723
0.028354031965136528
0.000000000000000000
0.000087066466221586
0.001476971199735999
0.074691556394100189
0.084881596267223358
0.097787037491798401
0.014170408248901367
0.034416668117046356
0.051399976015090942
0.000098435972176958
0.007184369489550591
0.019461676478385925
0.077654965221881866
0.102976948022842407
0.126477912068367004
0.027242004871368408
0.063029907643795013
0.090802505612373352
0.004054938908666372
0.032458260655403137
0.059819206595420837
0.000000000000000000
0.000007755792466924
0.000093349277449306
0.004269447177648544
0.007180237211287022
0.008032966405153275
0.087058454751968384
0.077171072363853455
0.066370248794555664
0.000060425598348957
0.003477721242234111
0.008105485700070858
0.012092269025743008
0.024129148572683334
0.031078904867172241
0.087156899273395538
0.084268376231193542
0.084354959428310394
0.003023849800229073
0.021573061123490334
0.036796379834413528
0.025163851678371429
0.052742384374141693
0.070481434464454651
0.091113381087779999
0.109542287886142731
0.124712474644184113
0.088752232491970062
0.110496498644351959
0.136931315064430237
0.013758647255599499
0.040885455906391144
0.069275148212909698
0.000022058318791096
0.006850680336356163
0.024871023371815681
0.090913340449333191
0.126462534070014954
0.162375569343566895
0.029300848022103310
0.073686718940734863
0.112458944320678711
0.004593622870743275
0.038463454693555832
0.074586808681488037
0.106150411069393158
0.172764912247657776
0.228234767913818359
0.055385708808898926
0.130279332399368286
0.189528048038482666
0.024852989241480827
0.096796579658985138
0.156964361667633057
0.000001117791953220
0.000462567870272323
0.001147348899394274
0.007738830987364054
0.011218077503144741
0.010996585711836815
0.076733656227588654
0.057549968361854553
0.044098004698753357
0.002162200165912509
0.016428632661700249
0.026591606438159943
0.023281019181013107
0.044019341468811035
0.054180376231670380
0.081305190920829773
0.089162744581699371
0.093813776969909668
0.017399257048964500
0.062730975449085236
0.092450790107250214
0.049365870654582977
0.100611947476863861
0.131249502301216125
0.101564571261405945
0.147495880722999573
0.176191344857215881
0.075399845838546753
0.085158750414848328
0.097002200782299042
0.006879323627799749
0.020442727953195572
0.034637574106454849
0.000000000000000000
0.000138352173962630
0.002370664384216070
0.075455076992511749
0.088180474936962128
0.103701651096343994
0.014650424011051655
0.036843359470367432
0.056229472160339355
0.000107096566352993
0.008038600906729698
0.022193511947989464
0.078331701457500458
0.105508759617805481
0.130853608250617981
0.027692854404449463
0.065139666199684143
0.094764024019241333
0.004170053638517857
0.033898647874593735
0.063061065971851349
0.000000000000000000
0.000004297248324292
0.000045660894102184
0.003869415493682027
0.005609038751572371
0.005498292855918407
0.085926324129104614
0.071698784828186035
0.056549832224845886
0.000055215372412931
0.003026031656190753
0.006745100952684879
0.011640509590506554
0.022009670734405518
0.027090188115835190
0.086033411324024200
0.079599045217037201
0.076372675597667694
0.002931845840066671
0.020354319363832474
0.033897060900926590
0.024682935327291489
0.050305973738431931
0.065624751150608063
0.090096384286880493
0.105459079146385193
0.117240227758884430
0.089496411383152008
0.114022381603717804
0.143610283732414246
0.014247077517211437
0.043674632906913757
0.075179748237133026
0.000024489065253874
0.007740661967545748
0.028347512707114220
0.091596476733684540
0.129227176308631897
0.167427584528923035
0.029733527451753616
0.075899586081504822
0.116880871355533600
0.004707914777100086
0.039969168603420258
0.078168578445911407
0.106699429452419281
0.174897849559783936
0.232024818658828735
0.055789418518543243
0.132176071405410767
0.193092197179794312
0.025092516094446182
0.098419971764087677
0.160252287983894348
0.000001024359107760
0.000380944198695943
0.000885529094375670
0.007400373928248882
0.009998968802392483
0.009189248085021973
0.075826428830623627
0.054030749946832657
0.039091374725103378
0.002101122401654720
0.015585712157189846
0.024702830240130424
0.022886803373694420
0.042223937809467316
0.050890367478132248
0.080509856343269348
0.086259268224239349
0.088912442326545715
0.017204083502292633
0.061256408691406250
0.089300081133842468
0.048942685127258301
0.098500385880470276
0.127101689577102661
0.100894488394260406
0.144710063934326172
0.170996159315109253
0.075740933418273926
0.086811169981956482
0.100170470774173737
0.007123538758605719
0.021837316453456879
0.037589874118566513
0.000000000000000000
0.000168810118339024
0.002890003146603703
0.075793989002704620
0.089649654924869537
0.106342218816280365
0.014866763725876808
0.037949793040752411
0.058440435677766800
0.000111160850792658
0.008442414924502373
0.023487793281674385
0.078632630407810211
0.106638558208942413
0.132806763052940369
0.027894709259271622
0.066088035702705383
0.096546098589897156
0.004222067538648844
0.034551881253719330
0.064532145857810974
0.000000000000000000
0.000003292517249065
0.000032729381928220
0.003700186964124441
0.004999484401196241
0.004594624042510986
0.085423976182937622
0.069294184446334839
0.052384156733751297
0.000053059542551637
0.002841786481440067
0.006204489618539810
0.011443401686847210
0.021111968904733658
0.025445183739066124
0.085535123944282532
0.077567800879478455
0.072981938719749451
0.002891686512157321
0.019830681383609772
0.032669026404619217
0.024471342563629150
0.049250192940235138
0.063550844788551331
0.089646026492118835
0.103677265346050262
0.114026300609111786
0.084363900125026703
0.086441911756992340
0.088641233742237091
0.090976379811763763
0.092179633677005768
0.100842043757438660
0.008015135303139687
0.014636485837399960
0.019574878737330437
0.023820469155907631
0.025781152769923210
0.037797648459672928
0.000000055651703690
0.000105357845313847
0.000672273745294660
0.001694320118986070
0.002331163035705686
0.008052011951804161
0.084840245544910431
0.091347560286521912
0.098389059305191040
0.105046823620796204
0.108214266598224640
0.127976387739181519
0.019147792831063271
0.033855099231004715
0.044304437935352325
0.052984703332185745
0.056907601654529572
0.079931184649467468
0.000936279946472496
0.007846088148653507
0.015342980623245239
0.022404724732041359
0.025760108605027199
0.046689264476299286
0.092372581362724304
0.113604024052619934
0.130462303757667542
0.144774734973907471
0.151272743940353394
0.189258098602294922
0.037699837237596512
0.065876163542270660
0.085498876869678497
0.101556390523910522
0.108742088079452515
0.150044724345207214
0.010919273830950260
0.034869324415922165
0.053541224449872971
0.069320291280746460
0.076473005115985870
0.118233136832714081
0.000000018885430109
0.000021256397303659
0.000169338483829051
0.000458933267509565
0.000641535094473511
0.002198467496782541
0.006870067212730646
0.011206105351448059
0.013865339569747448
0.015838079154491425
0.016664747148752213
0.020786188542842865
0.082073859870433807
0.079665258526802063
0.077725149691104889
0.076247096061706543
0.075636483728885651
0.072672739624977112
0.000476341898320243
0.004926877561956644
0.009917146526277065
0.014529372565448284
0.016676113009452820
0.029332790523767471
0.018002705648541451
0.030424740165472031
0.038594894111156464
0.045002356171607971
0.047791171818971634
0.062919721007347107
0.083010055124759674
0.087406016886234283
0.092395879328250885
0.096957474946975708
0.099065423011779785
0.111310012638568878
0.008008729666471481
0.027183359488844872
0.041990417987108231
0.054257273674011230
0.059734605252742767
0.090614490211009979
0.036554768681526184
0.062445785850286484
0.079789347946643829
0.093574024736881256
0.099625676870346069
0.133033275604248047
0.092993058264255524
0.114429257810115814
0.130594104528427124
0.143873080611228943
0.149778306484222412
0.182853892445564270
0.073388993740081787
0.074331715703010559
0.075271964073181152
0.076211176812648773
0.076681330800056458
0.080007486045360565
0.004007567651569843
0.007318242918699980
0.009787439368665218
0.011910234577953815
0.012890576384961605
0.018898824229836464
0.000000000000000000
-0.000000011672327105
0.000000489293881856
0.000006509343165817
0.000015345382053056
0.000324675580486655
0.073390416800975800
0.074618287384510040
0.076381646096706390
0.078406818211078644
0.079460844397544861
0.086875952780246735
0.009573896415531635
0.016927549615502357
0.022152218967676163
0.026492351666092873
0.028453800827264786
0.039965592324733734
0.000001757621021170
0.000409213855164126
0.001663122209720314
0.003401761408895254
0.004367773421108723
0.011702015995979309
0.074101507663726807
0.080238699913024902
0.086614087224006653
0.092494480311870575
0.095253922045230865
0.112039446830749512
0.018849918618798256
0.032938081771135330
0.042749438434839249
0.050778195261955261
0.054371044039726257
0.075022362172603607
0.000871893193107098
0.007595140021294355
0.014903160743415356
0.021732900291681290
0.024955775588750839
0.044710129499435425
0.000000000000000000
0.000000007113207801
0.000000133355655407
0.000001812347250052
0.000004154553153057
0.000073613082349766
0.003435033606365323
0.005603052675724030
0.006932669784873724
0.007919039577245712
0.008332373574376106
0.010393094271421432
0.088887721300125122
0.087499409914016724
0.086115352809429169
0.084740631282329559
0.084060475230216980
0.079573579132556915
0.000001430486008758
0.000286595022771508
0.001109809963963926
0.002197462134063244
0.002783681964501739
0.006942082196474075
0.009001352824270725
0.015212370082736015
0.019297447055578232
0.022501178085803986
0.023895585909485817
0.031459860503673553
0.088889464735984802
0.087908618152141571
0.087777964770793915
0.088135860860347748
0.088412903249263763
0.090950913727283478
0.000712525332346559
0.005906994454562664
0.011342237703502178
0.016285106539726257
0.018576748669147491
0.032105561345815659
0.018277384340763092
0.031222892925143242
0.039894673973321915
0.046787012368440628
0.049812838435173035
0.066516637802124023
0.089759603142738342
0.095094561576843262
0.101018011569976807
0.106467001140117645
0.109000921249389648
0.123959042131900787
0.084363877773284912
0.086947746574878693
0.098389059305191040
0.119964249432086945
0.142175763845443726
0.227304711937904358
0.004314918071031570
0.021034965291619301
0.044304437935352325
0.072451353073120117
0.098411090672016144
0.191440746188163757
0.000000000000000000
0.001264392049051821
0.015342980623245239
0.040547244250774384
0.066050320863723755
0.161192923784255981
0.084363877773284912
0.086947746574878693
0.098389059305191040
0.119964249432086945
0.142175763845443726
0.227304711937904358
0.004314918071031570
0.021034965291619301
0.044304437935352325
0.072451353073120117
0.098411090672016144
0.191440746188163757
0.000000000000000000
0.001264392049051821
0.015342980623245239
0.040547244250774384
0.066050320863723755
0.161192923784255981
0.084363877773284912
0.086947746574878693
0.098389059305191040
0.119964249432086945
0.142175763845443726
0.227304711937904358
0.004314918071031570
0.021034965291619301
0.044304437935352325
0.072451353073120117
0.098411090672016144
0.191440746188163757
0.000000000000000000
0.001264392049051821
0.015342980623245239
0.040547244250774384
0.066050320863723755
0.161192923784255981
0.000000000000000000
0.000527110300026834
0.009917146526277065
0.029446763917803764
0.050637643784284592
0.128661125898361206
0.003169864416122437
0.017604593187570572
0.038594894111156464
0.064468994736671448
0.089294664561748505
0.174429267644882202
0.082073807716369629
0.080824285745620728
0.092395879328250885
0.115100033581256866
0.139355629682540894
0.225813657045364380
0.000000000000000000
0.000527110300026834
0.009917146526277065
0.029446763917803764
0.050637643784284592
0.128661125898361206
0.003169864416122437
0.017604593187570572
0.038594894111156464
0.064468994736671448
0.089294664561748505
0.174429267644882202
0.082073807716369629
0.080824285745620728
0.092395879328250885
0.115100033581256866
0.139355629682540894
0.225813657045364380
0.000000000000000000
0.000527110300026834
0.009917146526277065
0.029446763917803764
0.050637643784284592
0.128661125898361206
0.003169864416122437
0.017604593187570572
0.038594894111156464
0.064468994736671448
0.089294664561748505
0.174429267644882202
0.082073807716369629
0.080824285745620728
0.092395879328250885
0.115100033581256866
0.139355629682540894
0.225813657045364380
0.073388993740081787
0.074333749711513519
0.076381646096706390
0.082992419600486755
0.091522410511970520
0.129184246063232422
0.002157459035515785
0.010517482645809650
0.022152218967676163
0.036225676536560059
0.049205545336008072
0.095720373094081879
0.000000000000000000
0.000003640878730948
0.001663122209720314
0.009578171186149120
0.020232232287526131
0.066168062388896942
0.073388993740081787
0.074333749711513519
0.076381646096706390
0.082992419600486755
0.091522410511970520
0.129184246063232422
0.002157459035515785
0.010517482645809650
0.022152218967676163
0.036225676536560059
0.049205545336008072
0.095720373094081879
0.000000000000000000
0.000003640878730948
0.001663122209720314
0.009578171186149120
0.020232232287526131
0.066168062388896942
0.073388993740081787
0.074333749711513519
0.076381646096706390
0.082992419600486755
0.091522410511970520
0.129184246063232422
0.002157459035515785
0.010517482645809650
0.022152218967676163
0.036225676536560059
0.049205545336008072
0.095720373094081879
0.000000000000000000
0.000003640878730948
0.001663122209720314
0.009578171186149120
0.020232232287526131
0.066168062388896942
0.000000000000000000
0.000002034626277236
0.001109809963963926
0.006783051881939173
0.014845239929854870
0.049250353127717972
0.001584932208061218
0.008802296593785286
0.019297447055578232
0.032234497368335724
0.044647332280874252
0.087214633822441101
0.088887721300125122
0.087503038346767426
0.087777964770793915
0.094312280416488647
0.104277372360229492
0.145416960120201111
0.000000000000000000
0.000002034626277236
0.001109809963963926
0.006783051881939173
0.014845239929854870
0.049250353127717972
0.001584932208061218
0.008802296593785286
0.019297447055578232
0.032234497368335724
0.044647332280874252
0.087214633822441101
0.088887721300125122
0.087503038346767426
0.087777964770793915
0.094312280416488647
0.104277372360229492
0.145416960120201111
0.000000000000000000
0.000002034626277236
0.001109809963963926
0.006783051881939173
0.014845239929854870
0.049250353127717972
0.001584932208061218
0.008802296593785286
0.019297447055578232
0.032234497368335724
0.044647332280874252
0.087214633822441101
0.088887721300125122
0.087503038346767426
0.087777964770793915
0.094312280416488647
0.104277372360229492
0.145416960120201111
0.087777964770793915
0.094312280416488647
0.104277372360229492
0.042696505784988403
0.084667138755321503
0.107662536203861237
0.178652375936508179
0.238697066903114319
0.056499570608139038
0.135526776313781738
0.199389576911926270
0.025515902787446976
0.101297445595264435
0.166082039475440979
0.000000798889402631
0.000268509087618440
0.000551892560906708
0.006833094637840986
0.008110151626169682
0.006599090527743101
0.074241735041141510
0.048133026808500290
0.031240506097674370
