 9999 41 41 41 17 41 41 41 17 17 41 41 41 41 41 41 16 17 17 17 41 37 41 41 17 41 17 41 41 41 41 17 41 41 17 17 41 37 17 41 17 41 41 41 17 41 41 16 41 41 41 16 41 41 41 41 17 41 41 41
 5 9999 46 11 5 5 5 46 5 11 46 11 46 5 5 5 11 11 11 5 11 5 5 11 5 46 11 46 5 5 11 11 46 33 11 46 46 50 11 5 11 5 46 50 50 5 46 5 5 46 50 50 11 5 11 46 11 11 11 11
 38 38 9999 52 38 38 38 52 38 38 38 34 38 52 38 38 38 38 38 38 52 34 38 38 38 38 38 38 34 38 34 38 38 38 34 38 38 38 38 39 38 38 38 34 38 34 38 38 34 34 34 38 52 38 34 38 38 34 38 59
 56 56 56 9999 56 56 56 56 56 56 56 56 56 56 56 56 56 56 56 56 56 56 56 56 56 56 56 56 56 56 56 56 56 56 56 56 56 56 56 56 56 56 56 43 56 56 56 56 56 56 56 56 56 56 56 56 56 56 56 56
 31 8 8 8 9999 8 31 8 8 8 8 8 8 8 31 31 8 8 8 8 8 8 8 8 8 31 8 8 8 8 8 31 8 8 8 8 8 8 8 8 8 31 8 8 8 8 8 31 8 8 8 8 8 8 8 55 31 8 8 31
 14 14 21 21 28 9999 14 28 28 21 10 21 21 28 14 28 21 21 21 28 21 21 21 21 28 28 21 53 28 14 21 21 28 43 21 43 14 14 21 14 21 14 10 43 21 21 28 28 21 21 21 21 21 53 21 21 21 21 21 14
 59 59 48 59 16 5 9999 28 16 48 59 48 48 28 16 15 16 48 16 28 48 16 48 48 28 28 48 59 28 59 48 48 28 15 59 16 59 16 48 59 48 59 59 48 16 48 28 28 48 48 48 16 48 59 48 48 48 48 48 59
 36 12 12 52 52 52 36 9999 52 52 52 52 12 52 36 52 52 52 52 52 52 52 52 52 12 12 52 36 12 52 52 52 52 52 52 12 36 52 52 52 52 36 36 52 52 52 52 52 52 12 52 52 52 36 52 12 52 52 58 36
 5 13 49 13 13 5 5 13 9999 49 5 13 13 13 5 5 13 49 49 13 13 5 22 13 5 5 49 5 5 13 13 49 46 5 49 49 13 49 49 13 49 5 5 5 49 22 46 5 5 49 22 49 13 5 13 46 49 13 13 49
 45 45 2 3 45 22 45 57 45 9999 32 57 45 57 36 45 45 45 45 45 57 21 22 57 45 45 45 45 21 45 57 45 32 22 45 35 36 45 45 45 45 45 36 22 45 45 45 45 32 45 22 45 57 45 57 45 45 57 57 2
 0 42 42 57 57 48 0 57 57 57 9999 57 42 57 36 0 0 57 57 57 57 57 48 57 42 42 57 42 42 0 57 57 32 0 57 42 36 0 57 0 57 0 42 48 57 48 42 42 48 42 48 0 57 0 57 42 57 57 57 0
 57 57 57 57 57 57 57 57 57 57 57 9999 57 57 57 57 57 57 57 57 57 57 57 57 57 57 57 57 57 57 57 57 57 57 57 57 57 57 57 57 57 57 57 57 57 45 57 57 57 57 57 57 57 57 57 57 57 57 57 59
 0 1 49 3 49 1 0 55 49 49 25 55 9999 25 55 0 49 49 49 49 49 1 49 55 25 25 49 0 25 0 55 49 25 49 49 35 0 49 49 49 49 0 55 49 49 49 25 25 55 49 49 49 49 0 55 55 49 49 55 49
 40 29 19 57 19 19 40 7 19 40 29 57 57 9999 29 40 57 40 40 19 57 21 19 57 21 57 40 29 21 29 57 19 46 57 40 40 29 19 40 19 40 40 29 57 40 19 46 21 29 19 57 19 57 40 57 46 19 57 57 57
 0 0 0 0 0 0 0 0 0 0 0 30 0 0 9999 0 0 0 0 0 20 0 0 30 0 0 0 0 0 0 30 0 0 0 0 0 0 0 0 0 0 0 0 0 0 0 0 0 0 0 0 0 0 0 30 0 0 0 30 0
 17 33 33 11 17 17 17 11 17 17 33 11 33 11 33 9999 11 17 17 17 11 17 17 11 17 33 17 17 33 17 11 17 17 33 17 17 17 17 17 17 17 17 33 11 17 17 33 17 33 33 11 17 11 17 54 55 17 11 11 17
 51 1 18 18 4 4 51 4 4 18 18 18 51 4 51 51 9999 18 18 18 18 51 18 18 18 51 18 18 51 51 18 4 51 51 18 18 18 51 18 18 18 51 18 18 18 18 51 51 51 18 18 51 18 18 18 51 4 18 18 51
 0 0 38 18 38 38 0 18 38 9 0 18 38 18 51 0 0 9999 18 38 18 18 38 38 18 38 38 18 38 0 38 38 9 18 18 18 0 51 38 18 40 0 0 38 18 9 38 38 0 38 38 51 18 18 18 38 38 0 38 0
 36 19 34 44 19 19 36 44 19 34 39 34 44 44 36 36 39 34 9999 19 44 34 19 19 24 34 19 53 34 19 34 19 34 44 34 44 36 39 34 39 19 36 39 34 44 34 34 34 34 34 34 39 44 53 34 39 19 34 19 36
 22 29 2 23 4 4 22 4 4 22 29 23 23 4 4 4 39 22 22 9999 23 4 22 23 4 58 23 29 4 29 23 4 4 22 2 39 29 39 22 39 23 22 29 22 39 22 4 4 29 4 22 39 23 4 23 23 4 23 58 2
 40 40 2 2 40 40 40 55 40 9 40 11 40 2 51 40 51 40 40 40 9999 51 40 55 40 40 40 40 40 40 55 40 9 51 40 40 40 51 40 40 40 40 40 40 40 9 40 40 40 40 40 51 2 40 55 55 40 11 55 2
 14 14 48 48 28 28 14 28 28 48 14 48 48 28 14 28 48 48 48 28 48 9999 48 48 28 28 48 14 28 14 48 48 28 28 48 48 14 14 48 14 48 14 14 48 48 48 28 28 48 48 48 48 48 14 48 48 48 48 48 14
 45 45 45 50 45 50 45 45 45 45 45 45 45 45 45 45 45 45 45 45 45 50 9999 45 45 45 45 45 50 45 45 45 45 50 45 50 45 45 45 45 45 45 45 50 45 45 45 45 45 45 50 45 45 45 45 45 45 45 45 45
 40 12 12 54 40 40 40 54 40 40 40 54 12 54 40 40 54 40 40 40 54 40 40 9999 40 12 40 40 12 40 54 40 12 40 40 40 40 40 40 40 40 40 40 54 40 54 12 40 40 12 54 40 54 40 54 12 40 54 58 54
 11 29 11 11 11 11 11 11 11 11 29 11 11 11 29 11 11 11 11 11 11 11 11 11 9999 11 11 29 11 29 11 11 11 11 11 11 29 11 38 29 11 11 29 11 11 11 11 11 29 11 11 11 11 11 11 11 11 11 11 11
 12 12 12 12 28 28 41 28 28 12 46 28 12 28 12 28 28 12 18 28 28 28 28 12 28 9999 12 41 28 41 12 12 46 28 18 12 41 41 12 41 12 41 46 28 18 28 46 28 46 12 28 41 28 41 12 12 12 28 12 41
 17 17 17 17 17 17 17 17 17 17 17 17 17 17 31 17 17 17 17 17 17 17 31 17 17 17 9999 17 17 17 17 31 17 17 17 17 17 17 17 17 17 17 17 31 17 31 17 31 17 17 31 17 17 17 17 17 31 17 17 31
 14 41 41 57 18 41 41 55 18 55 41 55 55 57 14 41 57 55 18 18 57 18 41 55 18 55 55 9999 41 41 55 57 41 33 18 18 41 41 55 41 55 41 41 57 18 18 41 47 41 41 57 41 57 41 55 55 57 57 55 41
 13 13 13 57 13 5 47 13 13 13 13 24 47 13 13 15 57 13 13 13 57 13 13 57 24 47 13 13 9999 13 57 47 47 15 13 47 13 47 24 47 13 47 13 57 47 13 47 47 13 47 57 47 57 47 57 47 47 57 57 24
 10 1 10 10 36 1 10 10 36 10 10 10 10 10 36 10 39 10 10 10 20 1 10 10 10 10 10 10 10 9999 10 10 1 39 10 39 36 39 10 39 10 10 10 10 39 10 1 39 10 10 10 39 10 10 10 10 10 10 10 36
 23 23 23 23 23 23 23 23 23 23 23 23 23 23 23 23 23 23 23 23 23 23 23 23 23 23 23 23 23 23 9999 23 23 23 23 23 23 23 23 23 23 23 23 23 23 23 23 23 23 23 23 23 23 23 23 23 23 23 23 23
 0 0 0 56 22 22 6 56 8 22 0 56 56 56 14 56 0 22 22 22 0 21 22 14 56 56 22 0 56 0 14 9999 56 56 22 22 0 0 22 0 22 0 0 22 22 22 56 56 0 0 22 22 0 0 56 56 56 0 14 56
 10 10 10 3 52 10 10 52 52 26 10 10 10 52 10 10 10 26 26 52 52 52 10 10 10 10 26 10 10 10 10 26 9999 10 26 10 10 10 26 10 10 10 10 10 26 10 10 26 10 10 10 26 52 10 10 10 26 10 10 10
 10 12 12 12 40 12 10 12 40 40 10 12 12 10 14 10 10 40 40 40 10 12 10 12 12 12 40 10 12 10 12 40 12 9999 12 12 10 40 40 40 40 10 10 10 40 10 12 12 10 12 10 40 10 10 12 12 40 10 12 12
 45 12 49 54 45 50 45 54 45 9 45 54 12 54 21 45 54 45 45 45 54 21 21 54 21 25 49 45 21 45 54 49 25 50 9999 50 45 45 45 45 49 45 45 50 45 45 25 21 21 49 50 45 54 45 54 12 49 54 54 49
 23 23 23 23 4 50 23 23 4 23 50 23 23 23 50 50 23 23 23 50 23 50 23 23 50 23 23 50 50 23 23 23 32 50 23 9999 23 50 50 23 23 23 50 50 50 23 4 23 50 23 50 50 23 50 23 23 23 23 23 23
 14 14 42 42 4 4 14 4 4 14 14 14 42 4 14 14 14 14 14 4 14 4 4 14 42 42 14 42 42 14 14 4 42 14 42 42 9999 14 14 14 42 14 42 42 14 4 42 4 14 42 4 14 42 14 14 42 4 42 14 59
 14 14 33 21 21 5 14 21 21 14 14 21 33 21 14 14 14 14 14 21 21 21 21 21 21 33 33 14 21 14 21 33 32 33 14 33 14 9999 14 14 33 14 14 21 14 21 33 21 21 33 21 14 21 14 21 33 33 21 21 14
 26 26 12 12 19 19 26 19 19 26 26 19 12 19 26 26 26 26 26 19 26 19 26 19 26 25 26 26 25 26 12 26 25 26 26 26 26 26 9999 26 26 26 26 26 26 26 25 47 26 12 26 26 26 26 19 12 26 19 19 26
 10 10 10 10 16 16 10 10 16 10 10 10 10 10 51 10 16 10 16 10 10 51 10 10 51 47 10 10 51 10 10 10 10 51 16 44 10 51 10 9999 10 10 10 10 44 10 10 47 10 10 10 51 10 10 10 55 10 10 10 10
 26 26 26 26 26 26 26 26 26 26 26 26 26 26 26 26 26 26 26 26 26 26 26 26 26 26 26 26 28 26 55 26 26 26 26 26 26 26 26 26 9999 26 26 26 26 26 26 26 26 26 26 26 26 26 26 55 26 26 26 26
 29 29 53 29 29 29 6 29 29 15 29 29 29 29 29 15 6 15 15 15 29 29 29 29 6 29 15 53 6 29 29 15 29 15 15 29 29 29 15 29 53 9999 29 29 29 29 29 6 29 53 29 29 29 53 29 29 15 29 29 6
 12 12 12 12 12 12 12 12 12 12 46 12 12 12 12 12 12 12 12 12 12 34 12 12 12 12 12 27 12 12 12 12 46 12 34 12 12 12 12 12 12 12 9999 43 12 12 46 12 12 12 12 12 12 12 12 12 12 12 12 12
 38 33 33 33 38 38 38 38 38 38 33 15 33 38 33 15 38 38 38 38 38 38 38 38 38 38 38 53 38 38 33 38 38 33 38 35 38 38 38 38 38 38 33 9999 38 38 38 38 33 33 38 38 38 53 15 33 38 15 38 38
 52 33 52 52 52 52 52 52 52 52 33 52 33 52 33 52 52 52 52 52 52 52 52 52 33 33 52 33 33 52 52 52 52 33 52 35 52 52 52 52 52 52 33 43 9999 52 52 52 33 33 35 52 52 52 52 33 52 52 52 52
 17 17 17 17 17 17 17 17 17 17 17 17 17 17 17 17 17 17 17 17 17 17 17 17 17 17 17 17 17 17 17 17 17 17 17 17 17 17 17 17 17 17 17 17 17 9999 17 17 17 17 17 17 17 17 17 17 17 17 17 17
 10 12 12 32 55 12 10 55 55 55 10 55 12 55 55 10 55 55 55 55 55 55 10 55 12 12 55 10 12 10 55 55 32 10 55 12 10 55 55 10 55 10 10 10 55 10 9999 12 10 12 10 55 55 10 55 55 55 55 55 12
 31 25 25 25 25 25 25 25 25 25 25 25 25 25 31 25 39 25 25 25 25 25 31 25 25 25 25 25 25 25 25 31 25 44 25 44 25 39 25 39 25 25 25 31 44 31 25 9999 25 25 31 39 25 25 25 25 31 25 25 25
 57 57 49 57 57 22 57 57 57 57 57 57 57 57 57 57 57 57 57 57 57 57 22 57 57 57 57 57 57 57 57 57 57 22 57 57 57 57 57 57 57 57 57 22 57 22 57 57 9999 49 22 57 57 57 57 57 57 57 57 57
 40 40 2 57 2 2 40 57 2 40 40 57 57 57 40 40 57 40 40 2 57 2 40 57 40 2 40 40 40 40 57 40 40 40 2 40 40 40 2 2 40 40 40 57 40 40 57 40 40 9999 57 40 57 40 57 57 40 57 57 2
 43 12 12 3 43 5 43 44 43 43 43 5 12 44 51 43 51 43 43 43 44 5 43 5 5 12 43 43 5 43 5 43 51 43 43 43 43 51 43 39 43 43 43 43 44 43 12 51 5 12 9999 51 44 43 5 12 43 5 58 43
 37 37 37 44 16 37 37 44 16 37 37 37 37 44 37 37 16 37 16 16 44 37 37 37 37 47 37 37 37 37 37 44 37 37 16 44 37 37 37 37 37 37 37 44 44 37 47 47 37 37 37 9999 44 37 37 37 44 37 37 37
 31 13 20 3 13 13 31 13 13 20 13 13 12 13 31 31 13 20 20 13 20 13 22 13 13 31 20 13 13 13 13 31 13 20 20 20 13 20 20 13 20 31 13 22 20 22 13 31 13 12 22 20 9999 31 13 12 31 13 13 31
 49 49 49 49 49 49 49 49 49 49 49 49 49 49 49 49 49 49 49 49 49 49 49 49 28 28 49 27 28 49 49 49 42 49 49 49 49 49 49 49 49 49 42 49 49 49 42 28 49 49 49 49 49 9999 49 27 49 49 49 49
 11 11 11 11 11 11 11 11 11 11 11 11 11 11 11 11 11 11 11 11 11 11 11 11 11 11 11 11 11 11 11 11 11 11 11 11 11 11 11 11 11 11 11 11 11 11 11 11 11 11 11 11 11 11 9999 11 11 11 11 11
 14 30 30 30 30 30 14 7 30 30 14 30 30 30 14 14 30 30 30 30 30 30 30 30 30 30 30 14 30 14 30 30 30 30 30 30 14 30 30 30 30 14 42 30 30 30 30 30 48 30 30 30 30 14 30 9999 30 30 30 30
 45 59 47 59 45 45 59 47 45 45 59 15 47 47 14 15 45 45 45 45 45 45 45 15 47 47 45 59 47 59 15 45 47 15 45 45 59 45 45 47 45 59 59 45 45 45 47 47 59 47 45 45 45 59 15 47 9999 15 45 59
 30 30 30 52 52 52 30 52 52 30 52 30 30 52 52 30 16 30 30 52 52 52 52 30 30 30 30 30 30 52 30 52 52 50 30 30 52 16 30 30 30 30 52 50 30 52 52 52 52 30 50 16 52 30 30 30 52 9999 30 30
 56 19 19 25 19 19 25 25 19 56 19 19 25 25 56 56 19 56 56 19 20 19 19 19 25 25 56 27 25 19 48 19 25 56 56 25 19 19 56 19 19 25 42 19 56 56 25 56 48 25 19 19 48 25 19 25 56 48 9999 56
 0 41 41 3 41 41 41 41 41 41 41 41 41 41 41 41 41 41 18 18 41 34 41 41 18 41 41 41 41 41 41 41 41 41 34 18 41 41 41 41 41 41 41 50 18 41 41 3 41 41 50 41 41 41 41 41 3 41 41 9999
